tai version : 2.7.12
PyTorch version: 1.12.1
Number of GPUs : 1
Device         : cuda

Dataset sizes: "train, val"--> [346, 88] 


- - - - -
Training for 1000 epochs:
- - - - -

epoch     train_loss  valid_loss  error_rate  time    
0         1.297663    1.134268    0.500000    00:16                                    
epoch     train_loss  valid_loss  error_rate  time    
0         1.225198    1.244785    0.522727    00:06                                       
1         1.208439    1.164467    0.522727    00:06                                       
2         1.188745    1.003780    0.488636    00:06                                       
3         1.160040    1.028677    0.454545    00:06                                       
4         1.106851    1.073559    0.477273    00:06                                       
5         1.061027    1.053507    0.522727    00:06                                       
6         1.027815    1.003597    0.454545    00:06                                       
7         1.011606    0.982154    0.465909    00:06                                       
8         0.990183    0.938128    0.431818    00:05                                       
9         0.968815    0.873624    0.431818    00:05                                        
10        0.950314    0.841269    0.420455    00:05                                        
11        0.938718    0.842490    0.397727    00:05                                        
12        0.917994    0.882424    0.409091    00:05                                        
13        0.904958    0.912221    0.397727    00:05                                        
14        0.883467    0.943555    0.431818    00:05                                        
15        0.876547    0.938264    0.443182    00:05                                        
16        0.872929    0.952722    0.420455    00:05                                        
17        0.868072    0.964445    0.431818    00:05                                        
18        0.858830    0.967699    0.454545    00:05                                        
19        0.850936    0.979725    0.465909    00:05                                        
20        0.830259    0.989603    0.465909    00:05                                        
21        0.814907    0.992207    0.454545    00:05                                        
22        0.804769    0.980836    0.454545    00:05                                        
23        0.792180    0.964159    0.454545    00:05                                        
24        0.780525    0.956500    0.420455    00:05                                        
25        0.769708    0.937756    0.397727    00:05                                        
26        0.757062    0.911112    0.375000    00:05                                        
27        0.749051    0.901574    0.363636    00:05                                        
28        0.739299    0.911459    0.409091    00:05                                        
29        0.726979    0.928763    0.397727    00:05                                        
30        0.714844    0.931133    0.409091    00:05                                        
31        0.711213    0.909912    0.409091    00:05                                        
32        0.698815    0.884202    0.386364    00:05                                        
33        0.688518    0.879366    0.352273    00:05                                        
34        0.668816    0.886385    0.375000    00:05                                        
35        0.675723    0.926492    0.352273    00:05                                        
36        0.668227    0.966245    0.386364    00:05                                        
37        0.658924    0.989713    0.409091    00:05                                        
38        0.647917    1.022720    0.454545    00:05                                        
39        0.645497    1.008638    0.420455    00:05                                        
40        0.634152    0.979720    0.386364    00:05                                        
41        0.624905    0.955808    0.386364    00:05                                        
42        0.619365    0.947227    0.375000    00:05                                        
43        0.606028    0.934140    0.375000    00:05                                        
44        0.596262    0.936624    0.340909    00:05                                        
45        0.582566    0.941546    0.375000    00:05                                        
46        0.568356    0.940455    0.386364    00:05                                        
47        0.554815    0.961083    0.386364    00:05                                        
48        0.546063    0.976888    0.397727    00:05                                        
49        0.532632    0.972664    0.397727    00:05                                        
50        0.523842    0.966424    0.375000    00:05                                        
51        0.506797    0.992904    0.386364    00:05                                        
52        0.493602    0.986580    0.397727    00:05                                        
53        0.480396    0.980700    0.375000    00:05                                        
54        0.467392    0.995260    0.363636    00:05                                        
55        0.462212    1.022485    0.363636    00:05                                        
56        0.453659    1.011693    0.397727    00:05                                        
57        0.441331    0.968135    0.363636    00:05                                        
58        0.435535    0.947793    0.329545    00:05                                        
59        0.421321    0.980147    0.340909    00:05                                        
60        0.414860    1.014252    0.340909    00:05                                        
61        0.404875    1.046774    0.363636    00:05                                        
62        0.393025    1.081581    0.386364    00:05                                        
63        0.388487    1.127537    0.397727    00:05                                        
64        0.375662    1.137101    0.409091    00:05                                        
65        0.366954    1.152475    0.397727    00:05                                        
66        0.353446    1.138708    0.340909    00:05                                        
67        0.353884    1.099583    0.306818    00:05                                        
68        0.344014    1.105365    0.329545    00:05                                        
69        0.338182    1.154245    0.375000    00:05                                        
70        0.329254    1.212126    0.375000    00:05                                        
71        0.320332    1.309065    0.420455    00:05                                        
72        0.318484    1.337188    0.431818    00:05                                        
73        0.313823    1.314537    0.420455    00:05                                        
74        0.310356    1.268015    0.386364    00:05                                        
75        0.299255    1.191244    0.363636    00:05                                        
76        0.291827    1.193051    0.386364    00:05                                        
77        0.285457    1.225830    0.386364    00:05                                        
78        0.279627    1.255911    0.386364    00:05                                        
79        0.271333    1.278636    0.397727    00:05                                        
80        0.264762    1.259635    0.431818    00:05                                        
81        0.264715    1.237267    0.431818    00:05                                        
82        0.264725    1.255336    0.431818    00:05                                        
83        0.263963    1.261300    0.443182    00:05                                        
84        0.261074    1.349235    0.431818    00:05                                        
85        0.262538    1.546296    0.431818    00:05                                        
86        0.257628    1.660686    0.431818    00:05                                        
87        0.250601    1.597355    0.431818    00:05                                        
88        0.240204    1.523297    0.397727    00:05                                        
89        0.237979    1.482165    0.386364    00:05                                        
90        0.235270    1.577171    0.397727    00:05                                        
91        0.226635    1.708347    0.409091    00:05                                        
92        0.218777    1.723945    0.420455    00:05                                        
93        0.210498    1.626809    0.397727    00:05                                        
94        0.206324    1.465666    0.397727    00:05                                        
95        0.201025    1.448777    0.375000    00:05                                        
96        0.199554    1.463085    0.352273    00:05                                        
97        0.198119    1.609488    0.375000    00:05                                        
98        0.190829    1.710008    0.420455    00:05                                        
99        0.187631    1.499283    0.329545    00:05                                         
100       0.186981    1.427539    0.363636    00:05                                         
101       0.190744    1.561559    0.386364    00:05                                         
102       0.189503    1.623814    0.409091    00:05                                         
103       0.192740    1.656667    0.409091    00:05                                         
104       0.185723    1.616461    0.386364    00:05                                         
105       0.178377    1.588261    0.386364    00:05                                         
106       0.178152    1.763145    0.431818    00:05                                         
107       0.179724    1.873546    0.443182    00:05                                         
108       0.182789    1.781414    0.454545    00:05                                         
109       0.179151    1.820480    0.431818    00:05                                         
110       0.174656    1.937443    0.477273    00:05                                         
111       0.174758    1.900215    0.454545    00:05                                         
112       0.173822    2.060605    0.454545    00:05                                         
113       0.169436    2.083635    0.454545    00:05                                         
114       0.164010    1.986047    0.465909    00:05                                         
115       0.157789    1.963042    0.454545    00:05                                         
116       0.155342    1.940474    0.454545    00:05                                         
117       0.154643    1.788001    0.431818    00:05                                         
118       0.151958    1.791507    0.420455    00:05                                         
119       0.151407    1.839363    0.397727    00:05                                         
120       0.150983    1.884807    0.443182    00:05                                         
121       0.151736    1.900924    0.409091    00:05                                         
122       0.145214    1.961145    0.386364    00:05                                         
123       0.139836    2.030330    0.397727    00:05                                         
124       0.136332    2.081227    0.465909    00:05                                         
125       0.139412    2.081056    0.431818    00:05                                         
126       0.136820    2.119511    0.409091    00:05                                         
127       0.134964    2.059007    0.454545    00:05                                         
128       0.131919    2.011736    0.386364    00:05                                         
129       0.126232    1.979743    0.375000    00:05                                         
130       0.129282    1.678636    0.409091    00:05                                         
131       0.126530    1.717472    0.375000    00:05                                         
132       0.131100    1.844120    0.409091    00:05                                         
133       0.134873    2.284201    0.431818    00:05                                         
134       0.133269    2.243921    0.443182    00:05                                         
135       0.127474    1.955816    0.443182    00:05                                         
136       0.124502    1.898271    0.431818    00:05                                         
137       0.121620    1.925460    0.443182    00:05                                         
138       0.125736    2.438614    0.454545    00:05                                         
139       0.125174    2.791353    0.465909    00:05                                         
140       0.126137    2.248387    0.386364    00:05                                         
141       0.122512    2.167393    0.420455    00:05                                         
142       0.128197    2.028279    0.420455    00:05                                         
143       0.131865    1.978793    0.465909    00:05                                         
144       0.128113    2.163380    0.454545    00:05                                         
145       0.129634    2.210455    0.443182    00:05                                         
146       0.129290    2.308511    0.465909    00:05                                         
147       0.133280    2.288960    0.431818    00:05                                         
148       0.135752    1.983356    0.386364    00:05                                         
149       0.135724    2.051266    0.397727    00:05                                         
150       0.129951    2.152685    0.477273    00:05                                         
151       0.125247    1.877077    0.420455    00:05                                         
152       0.124765    1.840803    0.397727    00:05                                         
153       0.121393    1.948017    0.431818    00:05                                         
154       0.123471    2.296062    0.443182    00:05                                         
155       0.124121    2.101485    0.443182    00:05                                         
156       0.120580    1.974302    0.477273    00:05                                         
157       0.121339    1.923051    0.431818    00:05                                         
158       0.120050    1.986798    0.409091    00:05                                         
159       0.117724    2.337259    0.420455    00:05                                         
160       0.116708    2.437957    0.443182    00:05                                         
161       0.115559    2.374004    0.465909    00:05                                         
162       0.117668    2.460387    0.443182    00:05                                         
163       0.115276    2.591632    0.431818    00:05                                         
164       0.116439    2.666991    0.352273    00:05                                         
165       0.115047    2.361498    0.397727    00:05                                         
166       0.113365    2.137189    0.397727    00:05                                         
167       0.117503    2.358580    0.522727    00:05                                         
168       0.118334    2.264445    0.431818    00:05                                         
169       0.116758    2.439637    0.465909    00:05                                         
170       0.117908    2.293188    0.454545    00:05                                         
171       0.125247    1.979429    0.386364    00:05                                         
172       0.126162    1.914257    0.375000    00:05                                         
173       0.122121    2.383510    0.431818    00:05                                         
174       0.124029    2.288564    0.431818    00:05                                         
175       0.123414    1.806372    0.375000    00:05                                         
176       0.124729    1.841168    0.500000    00:05                                         
177       0.117183    2.040846    0.465909    00:05                                         
178       0.113558    2.158012    0.477273    00:05                                         
179       0.109876    2.053430    0.477273    00:05                                         
180       0.103666    2.054026    0.465909    00:05                                         
181       0.101166    2.575337    0.488636    00:05                                         
182       0.099632    2.256817    0.522727    00:05                                         
183       0.097738    2.080777    0.465909    00:05                                         
184       0.094603    1.913695    0.465909    00:05                                         
185       0.096625    1.903734    0.443182    00:05                                         
186       0.091678    2.169374    0.443182    00:05                                         
187       0.094531    1.857821    0.386364    00:05                                         
188       0.095946    1.890575    0.431818    00:05                                         
189       0.097098    1.998904    0.409091    00:05                                         
190       0.098894    1.891042    0.386364    00:05                                         
191       0.095892    2.110799    0.454545    00:05                                         
192       0.095479    2.341492    0.511364    00:05                                         
193       0.093572    2.030112    0.500000    00:05                                         
194       0.093058    2.251602    0.488636    00:05                                         
195       0.091625    2.564149    0.477273    00:05                                         
196       0.090275    2.561805    0.500000    00:05                                         
197       0.089344    2.543245    0.500000    00:05                                         
198       0.085967    2.461491    0.488636    00:05                                         
199       0.083185    2.056211    0.409091    00:05                                         
200       0.084071    2.231652    0.465909    00:05                                         
201       0.084650    2.387142    0.488636    00:05                                         
202       0.085025    2.541736    0.431818    00:05                                         
203       0.086763    2.473673    0.465909    00:05                                         
204       0.086957    2.348854    0.431818    00:05                                         
205       0.085725    2.081414    0.443182    00:05                                         
206       0.091912    2.414232    0.500000    00:05                                         
207       0.091587    2.854935    0.488636    00:05                                         
208       0.089673    2.472605    0.454545    00:05                                         
209       0.083888    2.290517    0.397727    00:05                                         
210       0.085618    2.626240    0.488636    00:05                                         
211       0.088480    2.391603    0.454545    00:05                                         
212       0.087121    2.035469    0.397727    00:05                                         
213       0.086659    2.447974    0.477273    00:05                                         
214       0.084619    2.758975    0.454545    00:05                                         
215       0.086426    2.556154    0.443182    00:05                                         
216       0.087616    2.063453    0.488636    00:05                                         
217       0.086392    2.127384    0.375000    00:05                                         
218       0.086931    2.351832    0.477273    00:05                                         
219       0.090146    2.165365    0.488636    00:05                                         
220       0.090386    1.836897    0.420455    00:05                                         
221       0.089911    2.006457    0.454545    00:05                                         
222       0.087366    2.109980    0.500000    00:05                                         
223       0.089679    1.973395    0.488636    00:05                                         
224       0.089048    1.895036    0.397727    00:05                                         
225       0.086960    1.882449    0.420455    00:05                                         
226       0.085152    2.173707    0.409091    00:05                                         
227       0.082510    1.904794    0.420455    00:05                                         
228       0.084136    1.905774    0.477273    00:05                                         
229       0.084086    1.669943    0.397727    00:05                                         
230       0.082082    1.984762    0.431818    00:05                                         
231       0.080884    2.109335    0.477273    00:05                                         
232       0.081133    1.971073    0.443182    00:05                                         
233       0.080861    2.361303    0.431818    00:05                                         
234       0.081409    2.455917    0.522727    00:05                                         
235       0.079715    2.598779    0.465909    00:05                                         
236       0.077613    2.145149    0.443182    00:05                                         
237       0.075456    1.849056    0.500000    00:05                                         
238       0.074111    2.060209    0.465909    00:05                                         
239       0.070401    2.200921    0.420455    00:05                                         
240       0.071084    2.223795    0.420455    00:05                                         
241       0.071638    1.915545    0.409091    00:05                                         
242       0.070555    1.819267    0.409091    00:05                                         
243       0.075476    2.404764    0.477273    00:05                                         
244       0.074190    2.523867    0.454545    00:05                                         
245       0.075215    2.354885    0.409091    00:05                                         
246       0.071795    2.007999    0.397727    00:05                                         
247       0.072098    1.938997    0.420455    00:05                                         
248       0.073547    1.968045    0.431818    00:05                                         
249       0.073970    1.969746    0.420455    00:05                                         
250       0.073105    2.016283    0.409091    00:05                                         
251       0.070853    2.090977    0.420455    00:05                                         
252       0.069194    2.178525    0.363636    00:05                                         
253       0.073763    1.634073    0.340909    00:05                                         
254       0.076474    1.902032    0.454545    00:05                                         
255       0.080940    2.327647    0.431818    00:05                                         
256       0.083162    2.048179    0.465909    00:05                                         
257       0.086629    2.016986    0.431818    00:05                                         
258       0.086056    2.127881    0.465909    00:05                                         
259       0.085802    2.421425    0.465909    00:05                                         
260       0.081599    2.532225    0.511364    00:05                                         
261       0.082279    2.141433    0.397727    00:05                                         
262       0.080031    1.983694    0.386364    00:05                                         
263       0.079378    1.960623    0.443182    00:05                                         
264       0.078519    1.750507    0.409091    00:05                                         
265       0.079725    1.853843    0.431818    00:05                                         
266       0.076170    2.060238    0.443182    00:05                                         
267       0.073469    2.244238    0.465909    00:05                                         
268       0.070357    2.307534    0.443182    00:05                                         
269       0.067472    2.179260    0.420455    00:05                                         
270       0.070647    2.215203    0.397727    00:05                                         
271       0.074001    2.892712    0.534091    00:05                                         
272       0.073249    2.570511    0.500000    00:05                                         
273       0.075434    1.924535    0.363636    00:05                                         
274       0.075957    1.875555    0.386364    00:05                                         
275       0.076395    2.334399    0.511364    00:05                                         
276       0.075366    1.892335    0.443182    00:05                                         
277       0.073262    1.769804    0.465909    00:05                                         
278       0.069784    1.844574    0.420455    00:05                                         
279       0.065867    1.987600    0.431818    00:05                                         
280       0.062528    2.314488    0.443182    00:05                                         
281       0.059473    2.397976    0.465909    00:05                                         
282       0.055127    2.181565    0.431818    00:05                                         
283       0.053391    2.084364    0.443182    00:05                                         
284       0.054344    2.127476    0.431818    00:05                                         
285       0.056192    2.053742    0.454545    00:05                                         
286       0.056845    2.227836    0.454545    00:05                                         
287       0.062803    2.370173    0.477273    00:05                                         
288       0.063804    2.014523    0.443182    00:05                                         
289       0.063984    2.003512    0.363636    00:05                                         
290       0.063590    1.871731    0.363636    00:05                                         
291       0.066719    1.643097    0.431818    00:05                                         
292       0.062194    1.716454    0.465909    00:05                                         
293       0.067953    1.760939    0.443182    00:05                                         
294       0.067255    1.700638    0.397727    00:05                                         
295       0.064084    2.059750    0.386364    00:05                                         
296       0.062484    1.938480    0.420455    00:05                                         
297       0.059161    2.366240    0.477273    00:05                                         
298       0.059011    2.761508    0.488636    00:05                                         
299       0.056706    1.871520    0.409091    00:05                                         
300       0.053752    1.645265    0.409091    00:05                                         
301       0.053238    2.031882    0.465909    00:05                                         
302       0.053427    2.305302    0.420455    00:05                                         
303       0.056687    2.090235    0.420455    00:05                                         
304       0.056116    2.182585    0.397727    00:05                                         
305       0.056712    2.348366    0.454545    00:05                                         
306       0.057724    1.763235    0.386364    00:05                                         
307       0.055863    1.785373    0.409091    00:05                                         
308       0.054180    1.724382    0.386364    00:05                                         
309       0.056153    1.789801    0.363636    00:05                                         
310       0.054697    1.875353    0.386364    00:05                                         
311       0.056818    1.833951    0.420455    00:05                                         
312       0.057230    1.978258    0.420455    00:05                                         
313       0.058082    2.015318    0.431818    00:05                                         
314       0.063490    1.662434    0.420455    00:05                                         
315       0.059949    1.867558    0.397727    00:05                                         
316       0.059727    1.829654    0.409091    00:05                                         
317       0.057711    2.207582    0.454545    00:05                                         
318       0.054421    2.020011    0.465909    00:05                                         
319       0.053784    1.736062    0.420455    00:05                                         
320       0.054815    1.642766    0.443182    00:05                                         
321       0.052991    1.609108    0.454545    00:05                                         
322       0.052778    1.845845    0.431818    00:05                                         
323       0.053985    2.009596    0.443182    00:05                                         
324       0.053068    1.669230    0.363636    00:05                                         
325       0.054116    1.743712    0.340909    00:05                                         
326       0.052570    1.826624    0.409091    00:05                                         
327       0.050327    1.607140    0.340909    00:05                                         
328       0.049832    1.831972    0.409091    00:05                                         
329       0.049581    1.801296    0.409091    00:05                                         
330       0.048829    1.863635    0.386364    00:05                                         
331       0.048832    1.442111    0.363636    00:05                                         
332       0.046021    1.596603    0.386364    00:05                                         
333       0.043595    1.761444    0.397727    00:05                                         
334       0.042774    1.602407    0.386364    00:05                                         
335       0.041284    1.586956    0.329545    00:05                                         
336       0.041501    1.661923    0.352273    00:05                                         
337       0.038912    2.114860    0.431818    00:05                                         
338       0.038333    2.133943    0.420455    00:05                                         
339       0.037799    2.047976    0.420455    00:05                                         
340       0.036561    2.079384    0.397727    00:05                                         
341       0.037500    2.435271    0.443182    00:05                                         
342       0.047450    2.058320    0.431818    00:05                                         
343       0.048503    1.697128    0.409091    00:05                                         
344       0.052907    1.454885    0.397727    00:05                                         
345       0.053312    1.586962    0.420455    00:05                                         
346       0.050496    1.745376    0.420455    00:05                                         
347       0.051015    1.937097    0.409091    00:05                                         
348       0.049962    2.077663    0.477273    00:05                                         
349       0.047904    1.916278    0.431818    00:05                                         
350       0.046492    2.057623    0.431818    00:05                                         
351       0.045098    2.037220    0.397727    00:05                                         
352       0.042370    2.213587    0.352273    00:05                                         
353       0.041906    2.452827    0.443182    00:05                                         
354       0.044054    2.813331    0.477273    00:05                                         
355       0.043028    2.531095    0.443182    00:05                                         
356       0.040969    2.215466    0.420455    00:05                                         
357       0.039666    2.126405    0.397727    00:05                                         
358       0.037497    2.516219    0.443182    00:05                                         
359       0.041094    2.229370    0.454545    00:05                                         
360       0.043810    2.070158    0.431818    00:05                                         
361       0.046868    1.901836    0.454545    00:05                                         
362       0.047057    2.057132    0.454545    00:05                                         
363       0.047830    1.909965    0.454545    00:05                                         
364       0.053486    2.036900    0.511364    00:05                                         
365       0.052321    1.824074    0.443182    00:05                                         
366       0.051352    1.920886    0.409091    00:05                                         
367       0.050959    1.939126    0.420455    00:05                                         
368       0.047247    2.166986    0.443182    00:05                                         
369       0.047034    2.057074    0.386364    00:05                                         
370       0.047200    1.751762    0.386364    00:05                                         
371       0.045486    1.731187    0.386364    00:05                                         
372       0.047305    2.158592    0.386364    00:05                                         
373       0.045959    2.195122    0.386364    00:05                                         
374       0.044290    2.186849    0.443182    00:05                                         
375       0.041844    2.057162    0.409091    00:05                                         
376       0.039412    2.065512    0.420455    00:05                                         
377       0.037834    2.097794    0.431818    00:05                                         
378       0.038205    2.386830    0.443182    00:05                                         
379       0.036918    2.693521    0.397727    00:05                                         
380       0.037858    2.049932    0.454545    00:05                                         
381       0.039260    2.091866    0.420455    00:05                                         
382       0.041437    2.143821    0.431818    00:05                                         
383       0.042173    1.802395    0.409091    00:05                                         
384       0.045666    1.723132    0.409091    00:05                                         
385       0.043920    1.844365    0.409091    00:05                                         
386       0.042134    1.875289    0.397727    00:05                                         
387       0.039662    1.885862    0.409091    00:05                                         
388       0.037288    1.982429    0.420455    00:05                                         
389       0.034209    2.066878    0.409091    00:05                                         
390       0.034684    2.032204    0.386364    00:05                                         
391       0.032285    2.063566    0.397727    00:05                                         
392       0.037547    2.272176    0.477273    00:05                                         
393       0.041113    2.619368    0.454545    00:05                                         
394       0.040052    2.159831    0.477273    00:05                                         
395       0.039223    2.331492    0.431818    00:05                                         
396       0.043363    1.868044    0.397727    00:05                                         
397       0.044541    1.982927    0.443182    00:05                                         
398       0.042173    2.092870    0.454545    00:05                                         
399       0.039974    1.932975    0.409091    00:05                                         
400       0.038434    1.810456    0.363636    00:05                                         
401       0.036420    1.775218    0.420455    00:05                                         
402       0.035952    1.719791    0.420455    00:05                                         
403       0.035300    1.920866    0.340909    00:05                                         
404       0.034242    2.010468    0.431818    00:05                                         
405       0.034487    1.742978    0.420455    00:05                                         
406       0.033502    1.905108    0.397727    00:05                                         
407       0.032330    2.215707    0.420455    00:05                                         
408       0.035790    2.666818    0.477273    00:05                                         
409       0.040802    2.618314    0.409091    00:05                                         
410       0.041953    2.096479    0.431818    00:05                                         
411       0.043089    1.873991    0.420455    00:05                                         
412       0.045217    2.070568    0.465909    00:05                                         
413       0.049778    2.442195    0.454545    00:05                                         
414       0.046781    2.576484    0.500000    00:05                                         
415       0.046658    2.061001    0.420455    00:05                                         
416       0.046530    1.672217    0.431818    00:05                                         
417       0.051823    1.674965    0.454545    00:05                                         
418       0.050015    1.824987    0.431818    00:05                                         
419       0.047422    1.915032    0.431818    00:05                                         
420       0.045259    1.906149    0.409091    00:05                                         
421       0.042070    1.852471    0.420455    00:05                                         
422       0.040533    1.716605    0.375000    00:05                                         
423       0.039004    1.864097    0.420455    00:05                                         
424       0.039374    1.811602    0.329545    00:05                                         
425       0.037061    1.810311    0.363636    00:05                                         
426       0.034460    1.797031    0.340909    00:05                                         
427       0.033116    1.742336    0.397727    00:05                                         
428       0.030495    1.838282    0.375000    00:05                                         
429       0.029471    1.827295    0.318182    00:05                                         
430       0.028224    1.712712    0.340909    00:05                                         
431       0.027522    1.643065    0.386364    00:05                                         
432       0.027193    1.683778    0.352273    00:05                                         
433       0.025088    1.924661    0.352273    00:05                                         
434       0.027060    2.024946    0.397727    00:05                                         
435       0.026535    2.036284    0.431818    00:05                                         
436       0.026240    1.887666    0.454545    00:05                                         
437       0.027605    2.018815    0.454545    00:05                                         
438       0.030126    2.048291    0.397727    00:05                                         
439       0.032816    2.143764    0.420455    00:05                                         
440       0.033534    2.352025    0.431818    00:05                                         
441       0.033411    2.276227    0.386364    00:05                                         
442       0.033123    2.197909    0.397727    00:05                                         
443       0.032673    2.193465    0.420455    00:05                                         
444       0.033133    2.298689    0.431818    00:05                                         
445       0.033349    2.174359    0.454545    00:05                                         
446       0.035188    2.048845    0.465909    00:05                                         
447       0.036766    2.157613    0.465909    00:05                                         
448       0.035502    2.069255    0.488636    00:05                                         
449       0.037588    1.928458    0.431818    00:05                                         
450       0.037413    1.999854    0.443182    00:05                                         
451       0.035401    2.049820    0.409091    00:05                                         
452       0.034416    1.825276    0.397727    00:05                                         
453       0.032101    1.770630    0.420455    00:05                                         
454       0.032332    1.953900    0.420455    00:05                                         
455       0.031157    2.162909    0.409091    00:05                                         
456       0.031567    2.171428    0.409091    00:05                                         
457       0.029165    2.377459    0.465909    00:05                                         
458       0.027214    2.512122    0.500000    00:05                                         
459       0.025841    2.702953    0.488636    00:05                                         
460       0.024184    2.691047    0.477273    00:05                                         
461       0.024658    2.660566    0.420455    00:05                                         
462       0.022597    2.829420    0.488636    00:05                                         
463       0.020862    2.936292    0.522727    00:05                                         
464       0.021803    2.759769    0.522727    00:05                                         
465       0.020172    2.717599    0.488636    00:05                                         
466       0.018624    2.594995    0.454545    00:05                                         
467       0.017252    2.636142    0.431818    00:05                                         
468       0.016820    2.742259    0.431818    00:05                                         
469       0.018683    3.162431    0.465909    00:05                                         
470       0.021431    3.871300    0.500000    00:05                                         
471       0.028885    2.991886    0.454545    00:05                                         
472       0.028549    2.361197    0.397727    00:05                                         
473       0.033352    2.197474    0.420455    00:05                                         
474       0.033016    2.368675    0.443182    00:05                                         
475       0.033483    2.289888    0.443182    00:05                                         
476       0.033357    2.226440    0.420455    00:05                                         
477       0.032060    2.191220    0.420455    00:05                                         
478       0.031111    2.247702    0.409091    00:05                                         
479       0.031218    2.157129    0.420455    00:05                                         
480       0.031002    1.860101    0.397727    00:05                                         
481       0.029878    1.778488    0.352273    00:05                                         
482       0.028010    1.823756    0.363636    00:05                                         
483       0.027828    2.121273    0.431818    00:05                                         
484       0.026663    2.239451    0.443182    00:05                                         
485       0.026338    2.377302    0.409091    00:05                                         
486       0.024559    2.775860    0.465909    00:05                                         
487       0.023849    2.953463    0.409091    00:05                                         
488       0.023044    2.910316    0.397727    00:05                                         
489       0.024619    2.849582    0.431818    00:05                                         
490       0.025688    2.726771    0.443182    00:05                                         
491       0.027828    2.627451    0.420455    00:05                                         
492       0.027949    2.586894    0.443182    00:05                                         
493       0.027893    2.288640    0.409091    00:05                                         
494       0.026430    1.992682    0.454545    00:05                                         
495       0.026064    2.244136    0.465909    00:05                                         
496       0.025490    2.365417    0.443182    00:05                                         
497       0.024703    2.502185    0.443182    00:05                                         
498       0.024044    2.623058    0.477273    00:05                                         
499       0.025132    2.485138    0.477273    00:05                                         
500       0.026264    2.395577    0.454545    00:05                                         
501       0.025889    2.334109    0.409091    00:05                                         
502       0.024462    2.425380    0.397727    00:05                                         
503       0.025755    2.610720    0.409091    00:05                                         
504       0.027513    2.699122    0.431818    00:05                                         
505       0.025179    2.707748    0.454545    00:05                                         
506       0.024272    2.572562    0.443182    00:05                                         
507       0.022535    2.455273    0.397727    00:05                                         
508       0.021362    2.398754    0.397727    00:05                                         
509       0.021241    2.383484    0.409091    00:05                                         
510       0.019698    2.421644    0.397727    00:05                                         
511       0.018729    2.464118    0.431818    00:05                                         
512       0.018026    2.611599    0.443182    00:05                                         
513       0.016880    2.830407    0.465909    00:05                                         
514       0.016281    2.924235    0.454545    00:05                                         
515       0.015324    2.651982    0.420455    00:05                                         
516       0.016005    2.667652    0.443182    00:05                                         
517       0.014673    2.795695    0.443182    00:05                                         
518       0.015968    2.771218    0.431818    00:05                                         
519       0.014827    2.680334    0.454545    00:05                                         
520       0.014332    2.418695    0.477273    00:05                                         
521       0.014392    2.502645    0.420455    00:05                                         
522       0.014602    2.587263    0.409091    00:05                                         
523       0.015768    2.847018    0.454545    00:05                                         
524       0.016790    2.867913    0.488636    00:05                                         
525       0.016780    2.539414    0.420455    00:05                                         
526       0.015727    2.467885    0.386364    00:05                                         
527       0.017321    2.396456    0.397727    00:05                                         
528       0.016274    2.275966    0.397727    00:05                                         
529       0.016244    2.432372    0.431818    00:05                                         
530       0.015452    2.752680    0.431818    00:05                                         
531       0.014645    2.907281    0.443182    00:05                                         
532       0.016956    2.646346    0.431818    00:05                                         
533       0.017565    2.655350    0.420455    00:05                                         
534       0.016363    2.840628    0.477273    00:05                                         
535       0.015548    2.967970    0.465909    00:05                                         
536       0.017827    2.966741    0.465909    00:05                                         
537       0.020836    2.786044    0.477273    00:05                                         
538       0.019627    2.911422    0.431818    00:05                                         
539       0.020718    2.990020    0.454545    00:05                                         
540       0.022298    2.869744    0.465909    00:05                                         
541       0.021642    2.895539    0.431818    00:05                                         
542       0.021155    2.863354    0.454545    00:05                                         
543       0.020532    2.917095    0.454545    00:05                                         
544       0.020171    3.052003    0.465909    00:05                                         
545       0.023915    2.418665    0.465909    00:05                                         
546       0.024869    2.499361    0.420455    00:05                                         
547       0.024303    2.730342    0.488636    00:05                                         
548       0.022736    2.780383    0.488636    00:05                                         
549       0.022258    2.781377    0.477273    00:05                                         
550       0.020822    2.650056    0.454545    00:05                                         
551       0.019114    2.463410    0.477273    00:05                                         
552       0.019417    2.361490    0.465909    00:05                                         
553       0.017696    2.295836    0.420455    00:05                                         
554       0.020021    2.508403    0.454545    00:05                                         
555       0.018406    2.570409    0.477273    00:05                                         
556       0.017016    2.576617    0.465909    00:05                                         
557       0.016251    2.568409    0.488636    00:05                                         
558       0.014926    2.700736    0.511364    00:05                                         
559       0.014961    2.635738    0.511364    00:05                                         
560       0.015761    2.351917    0.488636    00:05                                         
561       0.016075    2.412090    0.465909    00:05                                         
562       0.014662    2.637315    0.477273    00:05                                         
563       0.014750    2.673536    0.454545    00:05                                         
564       0.013783    2.557847    0.477273    00:05                                         
565       0.013706    2.359031    0.465909    00:05                                         
566       0.012737    2.212305    0.443182    00:05                                         
567       0.013223    2.326425    0.431818    00:05                                         
568       0.014142    2.314313    0.420455    00:05                                         
569       0.013674    2.600840    0.409091    00:05                                         
570       0.013520    2.420766    0.420455    00:05                                         
571       0.013551    2.508959    0.454545    00:05                                         
572       0.015460    2.555372    0.465909    00:05                                         
573       0.015741    2.377982    0.431818    00:05                                         
574       0.014362    2.344610    0.431818    00:05                                         
575       0.014733    2.342709    0.420455    00:05                                         
576       0.013957    2.383107    0.409091    00:05                                         
577       0.013681    2.583197    0.397727    00:05                                         
578       0.013518    2.700037    0.397727    00:05                                         
579       0.013656    2.935550    0.454545    00:05                                         
580       0.012539    2.992178    0.454545    00:05                                         
581       0.013359    3.006705    0.443182    00:05                                         
582       0.012874    3.036222    0.465909    00:05                                         
583       0.012881    3.044460    0.465909    00:05                                         
584       0.014193    2.846770    0.454545    00:05                                         
585       0.013706    2.705014    0.420455    00:05                                         
586       0.012559    2.716296    0.443182    00:05                                         
587       0.015495    3.122161    0.500000    00:05                                         
588       0.015814    3.342716    0.500000    00:05                                         
589       0.014407    3.271984    0.500000    00:05                                         
590       0.017870    2.963682    0.477273    00:05                                         
591       0.017542    2.919910    0.488636    00:05                                         
592       0.016926    2.727388    0.488636    00:05                                         
593       0.015674    2.632856    0.443182    00:05                                         
594       0.014676    2.612475    0.431818    00:05                                         
595       0.013847    2.588939    0.420455    00:05                                         
596       0.012795    2.588330    0.431818    00:05                                         
597       0.013231    2.686046    0.431818    00:05                                         
598       0.012358    2.773089    0.431818    00:05                                         
599       0.012379    2.790936    0.431818    00:05                                         
600       0.012262    2.838987    0.431818    00:05                                         
601       0.011455    2.942119    0.420455    00:05                                         
602       0.010566    2.948537    0.431818    00:05                                         
603       0.010540    2.745549    0.409091    00:05                                         
604       0.009858    2.612502    0.397727    00:05                                         
605       0.011238    2.514905    0.409091    00:05                                         
606       0.010355    2.456510    0.443182    00:05                                         
607       0.010870    2.410961    0.431818    00:05                                         
608       0.012268    2.614299    0.443182    00:05                                         
609       0.011421    2.748409    0.443182    00:05                                         
610       0.011251    2.863729    0.454545    00:05                                         
611       0.010531    2.923781    0.488636    00:05                                         
612       0.012152    2.738384    0.420455    00:05                                         
613       0.012197    2.695921    0.420455    00:05                                         
614       0.011758    2.734883    0.443182    00:05                                         
615       0.012579    2.736192    0.443182    00:05                                         
616       0.011800    2.709038    0.443182    00:05                                         
617       0.011066    2.619019    0.420455    00:05                                         
618       0.011443    2.559990    0.420455    00:05                                         
619       0.010898    2.533299    0.431818    00:05                                         
620       0.010269    2.406114    0.386364    00:05                                         
621       0.010320    2.200291    0.340909    00:05                                         
622       0.011456    2.171838    0.318182    00:05                                         
623       0.010489    2.317587    0.363636    00:05                                         
624       0.010585    2.551650    0.420455    00:05                                         
625       0.009753    2.661324    0.431818    00:05                                         
626       0.010075    2.619523    0.431818    00:05                                         
627       0.010034    2.684010    0.431818    00:05                                         
628       0.010272    2.889180    0.431818    00:05                                         
629       0.009481    3.008230    0.443182    00:05                                         
630       0.008632    3.005094    0.477273    00:05                                         
631       0.008856    3.085947    0.454545    00:05                                         
632       0.008110    3.145168    0.431818    00:05                                         
633       0.007915    3.183331    0.443182    00:05                                         
634       0.008294    3.290524    0.420455    00:05                                         
635       0.009182    3.105949    0.420455    00:05                                         
636       0.008494    2.993589    0.443182    00:05                                         
637       0.008373    2.847859    0.386364    00:05                                         
638       0.011249    2.650818    0.420455    00:05                                         
639       0.010429    2.644045    0.386364    00:05                                         
640       0.012108    2.792104    0.397727    00:05                                         
641       0.012804    2.833114    0.409091    00:05                                         
642       0.012438    2.746980    0.409091    00:05                                         
643       0.011417    2.671350    0.431818    00:05                                         
644       0.011352    2.700555    0.443182    00:05                                         
645       0.015826    2.537698    0.386364    00:05                                         
646       0.014435    2.435847    0.409091    00:05                                         
647       0.014089    2.368390    0.431818    00:05                                         
648       0.015046    2.340964    0.409091    00:05                                         
649       0.014699    2.368349    0.420455    00:05                                         
650       0.013908    2.347199    0.443182    00:05                                         
651       0.012834    2.344950    0.409091    00:05                                         
652       0.011663    2.359357    0.397727    00:05                                         
653       0.010667    2.383690    0.420455    00:05                                         
654       0.009770    2.403874    0.431818    00:05                                         
655       0.010460    2.346597    0.409091    00:05                                         
656       0.009599    2.284933    0.409091    00:05                                         
657       0.008831    2.291630    0.386364    00:05                                         
658       0.008194    2.302726    0.386364    00:05                                         
659       0.008423    2.254624    0.409091    00:05                                         
660       0.007794    2.271799    0.397727    00:05                                         
661       0.007080    2.302000    0.386364    00:05                                         
662       0.008731    2.297266    0.397727    00:05                                         
663       0.008242    2.258898    0.397727    00:05                                         
664       0.008192    2.297659    0.409091    00:05                                         
665       0.007630    2.359450    0.409091    00:05                                         
666       0.007211    2.422308    0.420455    00:05                                         
667       0.006588    2.484576    0.409091    00:05                                         
668       0.006149    2.541480    0.409091    00:05                                         
669       0.006101    2.495732    0.454545    00:05                                         
670       0.007110    2.432083    0.443182    00:05                                         
671       0.006478    2.383545    0.420455    00:05                                         
672       0.006834    2.417376    0.420455    00:05                                         
673       0.006544    2.593975    0.443182    00:05                                         
674       0.006360    2.623462    0.420455    00:05                                         
675       0.005808    2.651479    0.431818    00:05                                         
676       0.005429    2.724869    0.443182    00:05                                         
677       0.004967    2.679437    0.431818    00:05                                         
678       0.004543    2.619083    0.443182    00:05                                         
679       0.004395    2.612490    0.420455    00:05                                         
680       0.004177    2.495504    0.409091    00:05                                         
681       0.003903    2.481830    0.397727    00:05                                         
682       0.003554    2.523435    0.431818    00:05                                         
683       0.003251    2.600840    0.409091    00:05                                         
684       0.003020    2.644017    0.397727    00:05                                         
685       0.003429    2.688830    0.420455    00:05                                         
686       0.003197    2.721662    0.409091    00:05                                         
687       0.002905    2.754323    0.420455    00:05                                         
688       0.002656    2.741250    0.420455    00:05                                         
689       0.003094    2.787763    0.420455    00:05                                         
690       0.002895    2.791770    0.454545    00:05                                         
691       0.002699    2.791708    0.488636    00:05                                         
692       0.002476    2.826057    0.477273    00:05                                         
693       0.002560    2.823522    0.488636    00:05                                         
694       0.002451    2.754422    0.454545    00:05                                         
695       0.002226    2.725701    0.443182    00:05                                         
696       0.002160    2.709711    0.431818    00:05                                         
697       0.002328    2.749723    0.443182    00:05                                         
698       0.002327    2.829276    0.443182    00:05                                         
699       0.002126    2.868993    0.431818    00:05                                         
700       0.001964    2.843617    0.431818    00:05                                         
701       0.001926    2.792210    0.431818    00:05                                         
702       0.001791    2.792047    0.454545    00:05                                         
703       0.001724    2.826795    0.443182    00:05                                         
704       0.001610    2.871167    0.431818    00:05                                         
705       0.001492    2.902486    0.420455    00:05                                         
706       0.002543    2.946542    0.443182    00:05                                         
707       0.002389    2.860166    0.454545    00:05                                         
708       0.002169    2.793372    0.431818    00:05                                         
709       0.001987    2.824534    0.431818    00:05                                         
710       0.001903    2.831803    0.420455    00:05                                         
711       0.001831    2.865226    0.409091    00:05                                         
712       0.001669    2.880908    0.420455    00:05                                         
713       0.001987    2.892134    0.443182    00:05                                         
714       0.001947    2.989125    0.443182    00:05                                         
715       0.001764    3.070395    0.420455    00:05                                         
716       0.001667    3.131929    0.443182    00:05                                         
717       0.001584    3.165318    0.454545    00:05                                         
718       0.001464    3.192213    0.454545    00:05                                         
719       0.002767    3.142197    0.443182    00:05                                         
720       0.004053    3.076511    0.443182    00:05                                         
721       0.003986    3.082956    0.409091    00:05                                         
722       0.003664    3.132903    0.397727    00:05                                         
723       0.005105    2.991020    0.397727    00:05                                         
724       0.005152    2.966746    0.386364    00:05                                         
725       0.004738    2.887472    0.409091    00:05                                         
726       0.005016    2.659320    0.397727    00:05                                         
727       0.004591    2.505622    0.386364    00:05                                         
728       0.005022    2.432045    0.397727    00:05                                         
729       0.004688    2.436581    0.386364    00:05                                         
730       0.005259    2.469423    0.386364    00:05                                         
731       0.004850    2.483919    0.363636    00:05                                         
732       0.008416    2.491823    0.409091    00:05                                         
733       0.007714    2.668078    0.397727    00:05                                         
734       0.007002    2.816246    0.386364    00:05                                         
735       0.006361    2.898484    0.397727    00:05                                         
736       0.005928    2.951530    0.397727    00:05                                         
737       0.005667    3.029270    0.409091    00:05                                         
738       0.005216    3.064992    0.397727    00:05                                         
739       0.004776    3.032596    0.397727    00:05                                         
740       0.006291    3.037015    0.420455    00:05                                         
741       0.005722    3.001450    0.420455    00:05                                         
742       0.005609    2.939430    0.443182    00:05                                         
743       0.005104    2.945447    0.454545    00:05                                         
744       0.004821    2.973455    0.454545    00:05                                         
745       0.004381    2.968948    0.454545    00:05                                         
746       0.004000    2.988075    0.454545    00:05                                         
747       0.004726    2.936430    0.431818    00:05                                         
748       0.004370    2.941964    0.454545    00:05                                         
749       0.004013    2.903711    0.443182    00:05                                         
750       0.003657    2.876137    0.443182    00:05                                         
751       0.004319    2.902582    0.443182    00:05                                         
752       0.003916    2.909995    0.420455    00:05                                         
753       0.003597    2.846603    0.420455    00:05                                         
754       0.003492    2.901793    0.420455    00:05                                         
755       0.005164    2.907950    0.431818    00:05                                         
756       0.004840    2.866376    0.409091    00:05                                         
757       0.004383    2.869522    0.431818    00:05                                         
758       0.004026    2.840600    0.443182    00:05                                         
759       0.003699    2.839933    0.431818    00:05                                         
760       0.003753    2.842037    0.454545    00:05                                         
761       0.003449    2.796673    0.443182    00:05                                         
762       0.003225    2.835522    0.443182    00:05                                         
763       0.002935    2.825090    0.465909    00:05                                         
764       0.002665    2.863436    0.465909    00:05                                         
765       0.002418    2.848426    0.454545    00:05                                         
766       0.002653    2.876033    0.465909    00:05                                         
767       0.002452    2.892776    0.443182    00:05                                         
768       0.003031    2.937567    0.465909    00:05                                         
769       0.002820    2.966798    0.454545    00:05                                         
770       0.002580    2.973739    0.465909    00:05                                         
771       0.002359    3.008099    0.443182    00:05                                         
772       0.002151    2.992605    0.465909    00:05                                         
773       0.001958    3.021291    0.454545    00:05                                         
774       0.001789    3.061143    0.454545    00:05                                         
775       0.001636    3.082464    0.443182    00:05                                         
776       0.001496    3.067849    0.443182    00:05                                         
777       0.001362    3.043724    0.431818    00:05                                         
778       0.001246    3.049888    0.443182    00:05                                         
779       0.001202    3.065886    0.431818    00:05                                         
780       0.001106    3.037102    0.420455    00:05                                         
781       0.001096    3.076928    0.420455    00:05                                         
782       0.000996    3.084353    0.409091    00:05                                         
783       0.000943    3.122567    0.420455    00:05                                         
784       0.000860    3.154740    0.431818    00:05                                         
785       0.000784    3.116782    0.420455    00:05                                         
786       0.000736    3.134086    0.420455    00:05                                         
787       0.000873    3.114674    0.409091    00:05                                         
788       0.000792    3.161842    0.431818    00:05                                         
789       0.000743    3.145090    0.431818    00:05                                         
790       0.000678    3.120743    0.420455    00:05                                         
791       0.000618    3.110222    0.443182    00:05                                         
792       0.000657    3.053823    0.443182    00:05                                         
793       0.000611    3.008880    0.454545    00:05                                         
794       0.000598    3.001849    0.431818    00:05                                         
795       0.000545    3.000994    0.431818    00:05                                         
796       0.001284    3.021986    0.431818    00:05                                         
797       0.001165    2.992982    0.409091    00:05                                         
798       0.001058    2.975111    0.397727    00:05                                         
799       0.000959    2.937043    0.386364    00:05                                         
800       0.000874    2.919624    0.409091    00:05                                         
801       0.000810    2.904072    0.397727    00:05                                         
802       0.000743    2.929056    0.397727    00:05                                         
803       0.000680    2.938926    0.409091    00:05                                         
804       0.000681    2.943765    0.409091    00:05                                         
805       0.000632    3.002228    0.397727    00:05                                         
806       0.000665    2.977407    0.409091    00:05                                         
807       0.000606    2.918305    0.397727    00:05                                         
808       0.000553    2.834879    0.386364    00:05                                         
809       0.000510    2.858429    0.386364    00:06                                         
810       0.000693    2.852911    0.386364    00:05                                         
811       0.000662    2.853026    0.397727    00:05                                         
812       0.000844    2.819916    0.386364    00:05                                         
813       0.000796    2.776870    0.386364    00:05                                         
814       0.000724    2.732939    0.397727    00:05                                         
815       0.000664    2.701329    0.397727    00:05                                         
816       0.001222    2.794177    0.420455    00:05                                         
817       0.001149    2.903598    0.454545    00:05                                         
818       0.001122    2.991883    0.465909    00:05                                         
819       0.001069    3.112239    0.477273    00:05                                         
820       0.000981    3.200192    0.477273    00:05                                         
821       0.000897    3.228799    0.477273    00:05                                         
822       0.000851    3.222783    0.477273    00:05                                         
823       0.000785    3.205929    0.477273    00:05                                         
824       0.000714    3.231118    0.477273    00:05                                         
825       0.000661    3.266769    0.477273    00:05                                         
826       0.000607    3.281369    0.488636    00:05                                         
827       0.000559    3.318249    0.488636    00:05                                         
828       0.000630    3.305857    0.477273    00:05                                         
829       0.000655    3.304851    0.488636    00:05                                         
830       0.000642    3.227391    0.488636    00:05                                         
831       0.002256    3.241900    0.477273    00:05                                         
832       0.002044    3.292593    0.454545    00:05                                         
833       0.002034    3.263412    0.454545    00:05                                         
834       0.001936    3.242546    0.454545    00:05                                         
835       0.001752    3.174522    0.454545    00:05                                         
836       0.001587    3.142992    0.454545    00:05                                         
837       0.001437    3.086205    0.443182    00:05                                         
838       0.001373    3.090503    0.443182    00:05                                         
839       0.001261    3.084841    0.431818    00:05                                         
840       0.001294    3.024527    0.454545    00:05                                         
841       0.001172    2.966503    0.454545    00:05                                         
842       0.001096    2.999685    0.454545    00:05                                         
843       0.000999    3.011343    0.454545    00:05                                         
844       0.001053    3.024695    0.454545    00:05                                         
845       0.000988    2.991598    0.431818    00:05                                         
846       0.000895    2.981123    0.431818    00:05                                         
847       0.000822    2.967771    0.431818    00:05                                         
848       0.000863    2.941237    0.443182    00:05                                         
849       0.000788    2.950436    0.431818    00:05                                         
850       0.000777    2.894507    0.443182    00:05                                         
851       0.000712    2.917565    0.431818    00:05                                         
852       0.000661    2.942103    0.431818    00:05                                         
853       0.000600    2.948064    0.431818    00:05                                         
854       0.000577    2.959884    0.443182    00:05                                         
855       0.000531    2.999734    0.431818    00:05                                         
856       0.000533    3.020375    0.431818    00:05                                         
857       0.000487    3.004535    0.420455    00:05                                         
858       0.000442    3.002203    0.431818    00:05                                         
859       0.000430    2.999854    0.431818    00:05                                         
860       0.000393    3.024537    0.420455    00:05                                         
861       0.000361    3.024822    0.420455    00:05                                         
862       0.000336    3.067201    0.420455    00:05                                         
863       0.001623    3.095845    0.420455    00:05                                         
864       0.002306    2.980754    0.420455    00:05                                         
865       0.002100    2.944274    0.409091    00:05                                         
866       0.001906    2.947180    0.386364    00:05                                         
867       0.001729    2.914015    0.375000    00:05                                         
868       0.001593    2.920452    0.386364    00:05                                         
869       0.001449    2.963161    0.409091    00:05                                         
870       0.001319    2.936075    0.386364    00:05                                         
871       0.001208    2.951569    0.409091    00:05                                         
872       0.001189    2.973586    0.409091    00:05                                         
873       0.001077    2.937944    0.409091    00:05                                         
874       0.001008    2.946873    0.420455    00:05                                         
875       0.000951    2.924032    0.409091    00:05                                         
876       0.001826    2.940628    0.409091    00:05                                         
877       0.001653    2.948475    0.420455    00:05                                         
878       0.001511    2.962363    0.420455    00:05                                         
879       0.001415    2.928805    0.409091    00:05                                         
880       0.001280    2.906580    0.409091    00:05                                         
881       0.001169    2.916177    0.420455    00:05                                         
882       0.001058    2.849239    0.409091    00:05                                         
883       0.000981    2.888118    0.420455    00:05                                         
884       0.000917    2.868283    0.420455    00:05                                         
885       0.001761    2.861315    0.409091    00:05                                         
886       0.001609    2.847711    0.420455    00:05                                         
887       0.001458    2.867877    0.431818    00:05                                         
888       0.001319    2.866282    0.431818    00:05                                         
889       0.001195    2.891736    0.443182    00:05                                         
890       0.001086    2.932476    0.443182    00:05                                         
891       0.000989    2.896838    0.443182    00:05                                         
892       0.000897    2.898115    0.443182    00:05                                         
893       0.000871    2.913974    0.443182    00:05                                         
894       0.000790    2.885302    0.454545    00:05                                         
895       0.000850    2.905058    0.431818    00:05                                         
896       0.000769    2.914869    0.443182    00:05                                         
897       0.000697    2.913813    0.443182    00:05                                         
898       0.000631    2.948132    0.443182    00:05                                         
899       0.000619    3.003676    0.443182    00:05                                         
900       0.000561    2.981699    0.443182    00:05                                         
901       0.000511    2.966934    0.443182    00:05                                         
902       0.000546    2.987416    0.443182    00:05                                         
903       0.000500    2.965954    0.443182    00:05                                         
904       0.000453    2.911788    0.454545    00:05                                         
905       0.000424    2.867430    0.454545    00:05                                         
906       0.000401    2.853931    0.420455    00:05                                         
907       0.000368    2.875075    0.443182    00:05                                         
908       0.000710    2.961012    0.443182    00:05                                         
909       0.000745    2.983698    0.443182    00:05                                         
910       0.000691    2.966914    0.443182    00:05                                         
911       0.000644    2.958688    0.443182    00:05                                         
912       0.000587    2.935779    0.443182    00:05                                         
913       0.000533    2.960892    0.443182    00:05                                         
914       0.000488    2.976414    0.443182    00:05                                         
915       0.000484    2.935394    0.443182    00:05                                         
916       0.000440    2.917463    0.443182    00:05                                         
917       0.000435    2.968735    0.443182    00:05                                         
918       0.000685    2.952827    0.443182    00:05                                         
919       0.000621    2.956753    0.443182    00:05                                         
920       0.000575    2.984112    0.443182    00:05                                         
921       0.000521    2.972300    0.443182    00:05                                         
922       0.000517    2.990956    0.443182    00:05                                         
923       0.000468    3.008417    0.443182    00:05                                         
924       0.000426    2.962794    0.443182    00:05                                         
925       0.000388    2.925009    0.443182    00:05                                         
926       0.000352    2.902811    0.443182    00:05                                         
927       0.000326    2.953773    0.443182    00:05                                         
928       0.000349    3.003238    0.443182    00:05                                         
929       0.000319    2.994419    0.443182    00:05                                         
930       0.000290    2.975088    0.443182    00:05                                         
931       0.000269    2.957119    0.443182    00:05                                         
932       0.000248    2.995866    0.443182    00:05                                         
933       0.000229    2.969146    0.443182    00:05                                         
934       0.000221    3.006302    0.443182    00:05                                         
935       0.000238    2.993716    0.443182    00:05                                         
936       0.000217    2.956415    0.443182    00:05                                         
937       0.000205    2.951938    0.443182    00:05                                         
938       0.000206    3.005779    0.443182    00:05                                         
939       0.000208    2.950576    0.443182    00:05                                         
940       0.000190    2.958307    0.443182    00:05                                         
941       0.000247    3.011363    0.443182    00:05                                         
942       0.000224    3.001143    0.443182    00:05                                         
943       0.000270    2.990635    0.443182    00:05                                         
944       0.000249    2.957606    0.443182    00:05                                         
945       0.000236    3.015103    0.443182    00:05                                         
946       0.000216    2.990900    0.443182    00:05                                         
947       0.000212    3.005816    0.443182    00:05                                         
948       0.000197    2.985311    0.443182    00:05                                         
949       0.000180    3.052993    0.443182    00:05                                         
950       0.000165    3.041690    0.443182    00:05                                         
951       0.000150    3.034319    0.443182    00:05                                         
952       0.000138    3.003494    0.443182    00:05                                         
953       0.000126    3.018953    0.443182    00:05                                         
954       0.000122    3.022010    0.443182    00:05                                         
955       0.000740    3.014006    0.443182    00:05                                         
956       0.000674    3.050002    0.443182    00:05                                         
957       0.000615    3.047867    0.443182    00:05                                         
958       0.000713    3.043805    0.443182    00:05                                         
959       0.000646    2.972916    0.443182    00:05                                         
960       0.000599    3.009264    0.443182    00:05                                         
961       0.000557    3.034162    0.443182    00:05                                         
962       0.000527    3.062512    0.443182    00:05                                         
963       0.000483    3.042900    0.443182    00:05                                         
964       0.000456    3.020257    0.443182    00:05                                         
965       0.000416    3.007033    0.443182    00:05                                         
966       0.000379    3.073590    0.443182    00:05                                         
967       0.000346    3.058058    0.443182    00:05                                         
968       0.000322    3.010697    0.443182    00:05                                         
969       0.000294    3.028519    0.443182    00:05                                         
970       0.000269    3.013503    0.443182    00:05                                         
971       0.000269    3.005970    0.443182    00:05                                         
972       0.001048    3.013721    0.443182    00:05                                         
973       0.000948    3.056825    0.443182    00:05                                         
974       0.000875    3.020892    0.443182    00:05                                         
975       0.001010    2.991155    0.431818    00:05                                         
976       0.001040    3.033331    0.443182    00:05                                         
977       0.000958    3.034975    0.443182    00:05                                         
978       0.000877    3.034653    0.443182    00:05                                         
979       0.000875    3.018866    0.443182    00:05                                         
980       0.000955    2.979009    0.431818    00:05                                         
981       0.003002    3.021237    0.443182    00:05                                         
982       0.002782    3.020347    0.443182    00:05                                         
983       0.002517    3.012064    0.443182    00:05                                         
984       0.002280    2.988290    0.443182    00:05                                         
985       0.002121    3.040215    0.443182    00:05                                         
986       0.002032    3.045781    0.454545    00:05                                         
987       0.002415    2.998706    0.443182    00:05                                         
988       0.002341    3.032517    0.443182    00:05                                         
989       0.002117    3.033550    0.443182    00:05                                         
990       0.001919    3.014632    0.443182    00:05                                         
991       0.001740    2.998037    0.443182    00:05                                         
992       0.001786    3.045023    0.443182    00:05                                         
993       0.001630    3.029364    0.443182    00:05                                         
994       0.001476    2.990447    0.443182    00:05                                         
995       0.001337    3.000622    0.454545    00:05                                         
996       0.001209    2.968127    0.454545    00:05                                         
997       0.001258    3.004755    0.443182    00:05                                         
998       0.001139    3.015170    0.443182    00:05                                         
999       0.001035    2.969244    0.431818    00:05

