fastai version : 2.7.12
PyTorch version: 1.12.1
Number of GPUs : 1
Device         : cuda

Dataset sizes: "train, val"--> [346, 88] 


- - - - -
Training for 1000 epochs:
- - - - -

epoch     train_loss  valid_loss  error_rate  time    
0         1.322274    1.111573    0.454545    00:14                                    
epoch     train_loss  valid_loss  error_rate  time    
0         1.341363    1.053649    0.465909    00:06                                       
1         1.353884    1.104256    0.556818    00:05                                       
2         1.311670    1.140299    0.511364    00:05                                       
3         1.266487    1.157323    0.534091    00:05                                       
4         1.239476    1.107161    0.477273    00:05                                       
5         1.226908    1.043610    0.443182    00:06                                       
6         1.218317    0.992703    0.420455    00:05                                       
7         1.212278    0.951523    0.477273    00:05                                       
8         1.171707    0.910008    0.465909    00:05                                       
9         1.170221    0.910414    0.454545    00:05                                        
10        1.152215    0.954570    0.454545    00:05                                        
11        1.126082    1.014428    0.454545    00:05                                        
12        1.118441    1.067565    0.488636    00:05                                        
13        1.110059    1.071301    0.545455    00:05                                        
14        1.087657    1.057425    0.488636    00:05                                        
15        1.085458    1.030802    0.511364    00:05                                        
16        1.080379    0.984292    0.488636    00:05                                        
17        1.065055    0.953735    0.477273    00:05                                        
18        1.044930    0.928490    0.443182    00:05                                        
19        1.030665    0.897352    0.420455    00:05                                        
20        1.029608    0.886078    0.420455    00:05                                        
21        1.012639    0.899223    0.409091    00:05                                        
22        1.006329    0.901278    0.420455    00:05                                        
23        0.984787    0.900906    0.454545    00:05                                        
24        0.984208    0.916513    0.454545    00:05                                        
25        0.975531    0.928065    0.465909    00:05                                        
26        0.968237    0.937489    0.477273    00:05                                        
27        0.954199    0.969097    0.488636    00:05                                        
28        0.936081    0.985611    0.511364    00:05                                        
29        0.925361    0.995634    0.488636    00:05                                        
30        0.911059    1.021201    0.500000    00:05                                        
31        0.906182    1.028797    0.500000    00:05                                        
32        0.894145    1.020144    0.477273    00:05                                        
33        0.886528    0.984163    0.454545    00:05                                        
34        0.878804    0.933209    0.465909    00:05                                        
35        0.878153    0.911589    0.443182    00:05                                        
36        0.878434    0.908240    0.477273    00:05                                        
37        0.875920    0.907561    0.477273    00:05                                        
38        0.864664    0.905495    0.465909    00:05                                        
39        0.871667    0.918980    0.443182    00:05                                        
40        0.867152    0.929990    0.443182    00:05                                        
41        0.856381    0.939376    0.443182    00:05                                        
42        0.865749    0.928416    0.443182    00:05                                        
43        0.861966    0.941628    0.443182    00:05                                        
44        0.854658    0.980020    0.431818    00:05                                        
45        0.840342    0.999415    0.443182    00:05                                        
46        0.829340    1.002558    0.488636    00:05                                        
47        0.819055    0.967995    0.431818    00:05                                        
48        0.810334    0.933168    0.397727    00:05                                        
49        0.804304    0.914865    0.431818    00:05                                        
50        0.794518    0.922590    0.420455    00:05                                        
51        0.790803    0.946628    0.454545    00:05                                        
52        0.778626    1.020164    0.454545    00:05                                        
53        0.764194    1.060900    0.465909    00:05                                        
54        0.753401    1.088407    0.465909    00:05                                        
55        0.751783    1.080559    0.465909    00:05                                        
56        0.743351    1.085414    0.454545    00:05                                        
57        0.736921    1.149791    0.454545    00:05                                        
58        0.736209    1.177837    0.465909    00:05                                        
59        0.722838    1.166134    0.477273    00:05                                        
60        0.720298    1.177380    0.522727    00:05                                        
61        0.715877    1.139984    0.500000    00:05                                        
62        0.699493    1.102557    0.431818    00:05                                        
63        0.684926    1.125466    0.477273    00:05                                        
64        0.675511    1.160147    0.465909    00:05                                        
65        0.660310    1.175244    0.488636    00:05                                        
66        0.662503    1.183263    0.465909    00:05                                        
67        0.651534    1.182318    0.443182    00:05                                        
68        0.647838    1.129227    0.443182    00:05                                        
69        0.639204    1.087962    0.454545    00:05                                        
70        0.627846    1.059895    0.488636    00:05                                        
71        0.629155    1.066958    0.477273    00:05                                        
72        0.624567    1.092353    0.500000    00:05                                        
73        0.615798    1.116730    0.454545    00:05                                        
74        0.612723    1.247156    0.443182    00:05                                        
75        0.602370    1.311708    0.443182    00:05                                        
76        0.602227    1.297007    0.454545    00:05                                        
77        0.591454    1.300682    0.477273    00:05                                        
78        0.592117    1.320462    0.522727    00:05                                        
79        0.581977    1.316857    0.488636    00:05                                        
80        0.583588    1.259385    0.454545    00:05                                        
81        0.579528    1.188110    0.420455    00:05                                        
82        0.575217    1.162494    0.420455    00:05                                        
83        0.563843    1.156193    0.431818    00:05                                        
84        0.554017    1.202188    0.465909    00:05                                        
85        0.548344    1.248317    0.488636    00:05                                        
86        0.541956    1.183402    0.465909    00:05                                        
87        0.540020    1.097577    0.409091    00:05                                        
88        0.525510    1.049953    0.363636    00:05                                        
89        0.525432    1.073754    0.397727    00:05                                        
90        0.517945    1.162338    0.397727    00:05                                        
91        0.517299    1.306143    0.409091    00:05                                        
92        0.514565    1.386147    0.443182    00:05                                        
93        0.514976    1.362829    0.409091    00:05                                        
94        0.521332    1.292377    0.420455    00:05                                        
95        0.512304    1.233491    0.431818    00:05                                        
96        0.506692    1.248245    0.443182    00:05                                        
97        0.501462    1.297095    0.477273    00:05                                        
98        0.491764    1.309038    0.465909    00:05                                        
99        0.478372    1.325944    0.465909    00:05                                         
100       0.470143    1.341758    0.443182    00:05                                         
101       0.468072    1.423539    0.454545    00:05                                         
102       0.461945    1.365133    0.465909    00:05                                         
103       0.452188    1.333945    0.477273    00:05                                         
104       0.447032    1.432863    0.500000    00:05                                         
105       0.454084    1.524235    0.431818    00:05                                         
106       0.444373    1.500354    0.443182    00:05                                         
107       0.439523    1.416317    0.465909    00:05                                         
108       0.436672    1.334031    0.397727    00:05                                         
109       0.436966    1.266157    0.409091    00:05                                         
110       0.428553    1.298324    0.431818    00:05                                         
111       0.424249    1.344690    0.363636    00:05                                         
112       0.419532    1.221504    0.375000    00:05                                         
113       0.418160    1.241318    0.386364    00:05                                         
114       0.416038    1.180830    0.386364    00:05                                         
115       0.407695    1.109828    0.386364    00:05                                         
116       0.395814    1.092207    0.397727    00:05                                         
117       0.396133    1.052561    0.420455    00:05                                         
118       0.391412    1.148166    0.397727    00:05                                         
119       0.387243    1.179398    0.397727    00:05                                         
120       0.378215    1.255815    0.386364    00:05                                         
121       0.376746    1.385786    0.420455    00:05                                         
122       0.373600    1.519423    0.443182    00:05                                         
123       0.372178    1.440529    0.454545    00:05                                         
124       0.368224    1.239259    0.431818    00:05                                         
125       0.367140    1.111557    0.454545    00:05                                         
126       0.364715    1.113221    0.409091    00:05                                         
127       0.363927    1.074394    0.409091    00:05                                         
128       0.352436    1.204084    0.352273    00:05                                         
129       0.342590    1.238392    0.352273    00:05                                         
130       0.340569    1.257132    0.409091    00:05                                         
131       0.329494    1.248027    0.443182    00:05                                         
132       0.325350    1.270767    0.409091    00:05                                         
133       0.325293    1.337556    0.443182    00:05                                         
134       0.320763    1.441349    0.443182    00:05                                         
135       0.315938    1.171049    0.443182    00:05                                         
136       0.306315    1.127396    0.465909    00:05                                         
137       0.308255    1.157562    0.431818    00:05                                         
138       0.301798    1.333754    0.431818    00:05                                         
139       0.303109    1.574348    0.454545    00:05                                         
140       0.300425    1.505737    0.477273    00:05                                         
141       0.292843    1.398330    0.454545    00:05                                         
142       0.288160    1.388990    0.454545    00:05                                         
143       0.287134    1.465572    0.420455    00:05                                         
144       0.288125    1.384663    0.443182    00:05                                         
145       0.283752    1.121030    0.363636    00:05                                         
146       0.276931    1.202259    0.329545    00:05                                         
147       0.284084    1.149226    0.352273    00:05                                         
148       0.286792    1.411817    0.397727    00:05                                         
149       0.291464    1.659922    0.409091    00:05                                         
150       0.290567    1.510947    0.431818    00:05                                         
151       0.289681    1.520615    0.409091    00:05                                         
152       0.294199    1.409985    0.409091    00:05                                         
153       0.293380    1.452398    0.454545    00:05                                         
154       0.288792    1.483625    0.443182    00:05                                         
155       0.291610    1.430538    0.454545    00:05                                         
156       0.285573    1.482058    0.454545    00:05                                         
157       0.281489    1.379160    0.397727    00:05                                         
158       0.280968    1.213447    0.420455    00:05                                         
159       0.282948    1.284457    0.420455    00:05                                         
160       0.280597    1.395365    0.397727    00:05                                         
161       0.280473    1.472136    0.443182    00:05                                         
162       0.273390    1.385794    0.443182    00:05                                         
163       0.274736    1.113745    0.409091    00:05                                         
164       0.270257    1.023711    0.397727    00:05                                         
165       0.268210    1.272045    0.363636    00:05                                         
166       0.273335    1.306186    0.420455    00:05                                         
167       0.273405    1.483809    0.454545    00:05                                         
168       0.268229    1.151955    0.409091    00:05                                         
169       0.264589    1.238075    0.409091    00:05                                         
170       0.260700    1.294298    0.465909    00:05                                         
171       0.262260    1.177443    0.443182    00:05                                         
172       0.257963    1.304286    0.431818    00:05                                         
173       0.251826    1.196629    0.420455    00:05                                         
174       0.255748    1.232209    0.386364    00:05                                         
175       0.250787    1.272840    0.409091    00:05                                         
176       0.252342    1.340801    0.397727    00:05                                         
177       0.248060    1.358588    0.375000    00:05                                         
178       0.251411    1.275178    0.363636    00:05                                         
179       0.247425    1.594175    0.443182    00:05                                         
180       0.242795    1.369696    0.375000    00:05                                         
181       0.245019    1.306249    0.397727    00:05                                         
182       0.238550    1.348814    0.375000    00:05                                         
183       0.234221    1.564287    0.409091    00:05                                         
184       0.229688    1.650718    0.420455    00:05                                         
185       0.226521    1.458585    0.375000    00:05                                         
186       0.224305    1.617753    0.431818    00:05                                         
187       0.220596    2.015903    0.477273    00:05                                         
188       0.217382    1.673442    0.409091    00:05                                         
189       0.216670    1.532513    0.454545    00:05                                         
190       0.217200    1.615525    0.409091    00:05                                         
191       0.214238    1.630520    0.386364    00:05                                         
192       0.208431    1.548121    0.477273    00:05                                         
193       0.202487    1.606178    0.431818    00:05                                         
194       0.206482    1.609334    0.454545    00:05                                         
195       0.210716    1.631840    0.465909    00:05                                         
196       0.204201    1.557334    0.465909    00:05                                         
197       0.200545    1.465841    0.420455    00:05                                         
198       0.205218    1.597959    0.409091    00:05                                         
199       0.206006    1.630882    0.454545    00:05                                         
200       0.204356    1.521892    0.409091    00:05                                         
201       0.199351    1.384320    0.443182    00:05                                         
202       0.200207    1.465026    0.431818    00:05                                         
203       0.199450    1.675129    0.443182    00:05                                         
204       0.198103    1.730611    0.409091    00:05                                         
205       0.198659    1.689282    0.465909    00:05                                         
206       0.199403    1.605107    0.477273    00:05                                         
207       0.197172    1.743283    0.488636    00:05                                         
208       0.191300    1.605234    0.465909    00:05                                         
209       0.193118    1.653914    0.477273    00:05                                         
210       0.190036    1.526669    0.465909    00:05                                         
211       0.194817    1.679848    0.409091    00:05                                         
212       0.193032    2.203326    0.443182    00:05                                         
213       0.190489    1.861241    0.443182    00:05                                         
214       0.189201    1.989547    0.443182    00:05                                         
215       0.189142    1.657559    0.443182    00:05                                         
216       0.189427    1.235105    0.375000    00:05                                         
217       0.189922    1.558371    0.454545    00:05                                         
218       0.186005    1.365635    0.465909    00:05                                         
219       0.184273    1.377419    0.443182    00:05                                         
220       0.182811    1.359752    0.375000    00:05                                         
221       0.184850    1.529519    0.397727    00:05                                         
222       0.175978    1.573236    0.443182    00:05                                         
223       0.180908    1.839144    0.431818    00:05                                         
224       0.180047    1.676566    0.420455    00:05                                         
225       0.173860    1.505085    0.443182    00:05                                         
226       0.169575    1.176247    0.329545    00:05                                         
227       0.163977    1.458029    0.375000    00:05                                         
228       0.169934    1.238261    0.386364    00:05                                         
229       0.167233    1.387415    0.397727    00:05                                         
230       0.168561    1.520997    0.386364    00:05                                         
231       0.165259    1.742255    0.431818    00:05                                         
232       0.165351    2.250014    0.420455    00:05                                         
233       0.175093    2.101946    0.477273    00:05                                         
234       0.177727    1.348396    0.454545    00:05                                         
235       0.178288    1.414440    0.329545    00:05                                         
236       0.184499    1.738757    0.431818    00:05                                         
237       0.185970    1.504367    0.420455    00:05                                         
238       0.185633    1.247376    0.386364    00:05                                         
239       0.178191    1.436348    0.420455    00:05                                         
240       0.173109    1.667574    0.409091    00:05                                         
241       0.169386    1.408931    0.386364    00:05                                         
242       0.161311    1.345852    0.375000    00:05                                         
243       0.162289    1.605977    0.397727    00:05                                         
244       0.156884    1.753903    0.443182    00:05                                         
245       0.156779    1.604348    0.397727    00:05                                         
246       0.155404    1.641189    0.420455    00:05                                         
247       0.148691    1.378534    0.409091    00:05                                         
248       0.148773    1.227176    0.375000    00:05                                         
249       0.146371    1.448851    0.420455    00:05                                         
250       0.145971    1.391290    0.431818    00:05                                         
251       0.141191    1.398705    0.363636    00:05                                         
252       0.139227    1.613610    0.431818    00:05                                         
253       0.138973    1.613192    0.465909    00:05                                         
254       0.141129    1.486889    0.409091    00:05                                         
255       0.138148    1.456933    0.420455    00:05                                         
256       0.138330    1.394241    0.420455    00:05                                         
257       0.138330    1.370741    0.375000    00:05                                         
258       0.139256    1.382347    0.397727    00:05                                         
259       0.141482    1.326124    0.409091    00:05                                         
260       0.141062    1.543827    0.375000    00:05                                         
261       0.136134    1.476223    0.443182    00:05                                         
262       0.132544    1.630714    0.420455    00:05                                         
263       0.141026    1.468391    0.397727    00:05                                         
264       0.137899    1.573274    0.409091    00:05                                         
265       0.139301    1.455334    0.363636    00:05                                         
266       0.139159    1.507214    0.420455    00:05                                         
267       0.141221    1.440691    0.409091    00:05                                         
268       0.140842    1.546573    0.443182    00:05                                         
269       0.138415    1.595374    0.420455    00:05                                         
270       0.135888    1.418691    0.500000    00:05                                         
271       0.140509    1.433271    0.420455    00:05                                         
272       0.138960    1.531285    0.465909    00:05                                         
273       0.135000    1.389976    0.431818    00:05                                         
274       0.136526    1.447157    0.397727    00:05                                         
275       0.136509    1.333804    0.443182    00:05                                         
276       0.135594    1.173469    0.329545    00:05                                         
277       0.129446    1.343907    0.375000    00:05                                         
278       0.132491    1.264813    0.409091    00:05                                         
279       0.130005    1.457878    0.375000    00:05                                         
280       0.124866    1.270367    0.431818    00:05                                         
281       0.124932    1.449587    0.443182    00:05                                         
282       0.121703    1.477733    0.420455    00:05                                         
283       0.123390    1.546293    0.454545    00:05                                         
284       0.123531    1.447422    0.443182    00:05                                         
285       0.117992    1.881559    0.443182    00:05                                         
286       0.114698    1.519884    0.420455    00:05                                         
287       0.117640    1.432140    0.420455    00:05                                         
288       0.119081    1.761623    0.454545    00:05                                         
289       0.121823    1.540392    0.420455    00:05                                         
290       0.127512    1.318579    0.386364    00:05                                         
291       0.125563    1.340117    0.397727    00:05                                         
292       0.129045    1.274969    0.420455    00:05                                         
293       0.126773    1.330711    0.431818    00:05                                         
294       0.124423    1.354333    0.454545    00:05                                         
295       0.123262    1.416776    0.465909    00:05                                         
296       0.119004    1.536723    0.465909    00:05                                         
297       0.113462    1.615777    0.431818    00:05                                         
298       0.115268    1.409662    0.454545    00:05                                         
299       0.114792    1.696063    0.409091    00:05                                         
300       0.116713    1.482911    0.443182    00:05                                         
301       0.115430    1.561888    0.465909    00:05                                         
302       0.112038    1.709644    0.500000    00:05                                         
303       0.112943    1.658609    0.431818    00:05                                         
304       0.112229    1.880459    0.465909    00:05                                         
305       0.111405    1.741220    0.488636    00:05                                         
306       0.111846    1.688834    0.443182    00:05                                         
307       0.114889    1.670087    0.386364    00:05                                         
308       0.114499    1.576475    0.375000    00:05                                         
309       0.116346    1.710645    0.409091    00:05                                         
310       0.115955    1.642887    0.443182    00:05                                         
311       0.111866    1.492174    0.431818    00:05                                         
312       0.111236    1.670482    0.420455    00:05                                         
313       0.109463    1.946071    0.397727    00:05                                         
314       0.111045    1.588054    0.443182    00:05                                         
315       0.110778    1.495313    0.454545    00:05                                         
316       0.109105    1.673500    0.454545    00:05                                         
317       0.109069    1.696359    0.431818    00:05                                         
318       0.106996    1.716642    0.477273    00:05                                         
319       0.101178    1.901554    0.443182    00:05                                         
320       0.101446    1.753851    0.397727    00:05                                         
321       0.105469    2.066462    0.443182    00:05                                         
322       0.106262    2.016021    0.431818    00:05                                         
323       0.107625    1.765504    0.397727    00:05                                         
324       0.104358    1.765233    0.443182    00:05                                         
325       0.105737    1.435804    0.386364    00:05                                         
326       0.104866    1.351110    0.329545    00:05                                         
327       0.102596    1.521785    0.431818    00:05                                         
328       0.103633    2.081370    0.465909    00:05                                         
329       0.103469    1.591627    0.420455    00:05                                         
330       0.102819    1.404954    0.409091    00:05                                         
331       0.101291    1.846822    0.420455    00:05                                         
332       0.100483    1.932433    0.409091    00:05                                         
333       0.101113    1.404802    0.409091    00:05                                         
334       0.100443    1.548527    0.386364    00:05                                         
335       0.099319    1.539096    0.352273    00:05                                         
336       0.098914    1.352004    0.375000    00:05                                         
337       0.097210    1.556707    0.431818    00:05                                         
338       0.094002    1.704100    0.386364    00:05                                         
339       0.094100    2.057253    0.431818    00:05                                         
340       0.091881    1.670645    0.420455    00:05                                         
341       0.090412    1.462720    0.431818    00:05                                         
342       0.090275    1.697031    0.431818    00:05                                         
343       0.093175    1.864260    0.431818    00:05                                         
344       0.089401    1.593721    0.397727    00:05                                         
345       0.090421    1.545607    0.375000    00:05                                         
346       0.091159    1.714727    0.465909    00:05                                         
347       0.092167    1.811508    0.431818    00:05                                         
348       0.094481    1.404993    0.375000    00:05                                         
349       0.090960    1.397212    0.306818    00:05                                         
350       0.090324    1.535907    0.375000    00:05                                         
351       0.092845    1.404201    0.363636    00:05                                         
352       0.092806    1.465742    0.363636    00:05                                         
353       0.089816    1.359767    0.329545    00:05                                         
354       0.086747    1.481969    0.363636    00:05                                         
355       0.085495    1.725817    0.375000    00:05                                         
356       0.092062    1.748567    0.375000    00:05                                         
357       0.088913    2.082241    0.386364    00:05                                         
358       0.087953    1.906497    0.363636    00:05                                         
359       0.093860    1.526026    0.352273    00:05                                         
360       0.097966    1.754177    0.431818    00:05                                         
361       0.093637    1.765964    0.454545    00:05                                         
362       0.091584    1.771235    0.465909    00:05                                         
363       0.088050    1.463087    0.397727    00:05                                         
364       0.089411    1.295234    0.386364    00:05                                         
365       0.086690    1.335042    0.352273    00:05                                         
366       0.086512    1.720977    0.363636    00:05                                         
367       0.086334    1.585062    0.375000    00:05                                         
368       0.087323    1.540104    0.386364    00:05                                         
369       0.087036    1.741556    0.420455    00:05                                         
370       0.086196    1.608949    0.340909    00:05                                         
371       0.084372    1.669575    0.329545    00:05                                         
372       0.083934    1.718169    0.375000    00:05                                         
373       0.080691    1.711764    0.375000    00:05                                         
374       0.081904    1.590076    0.352273    00:05                                         
375       0.077286    1.681532    0.352273    00:05                                         
376       0.076221    1.496099    0.375000    00:05                                         
377       0.073580    1.781614    0.431818    00:05                                         
378       0.072077    1.654018    0.431818    00:05                                         
379       0.073017    1.496621    0.363636    00:05                                         
380       0.077257    1.844798    0.454545    00:05                                         
381       0.075966    1.901456    0.454545    00:05                                         
382       0.079907    1.511599    0.397727    00:05                                         
383       0.079241    1.580590    0.363636    00:05                                         
384       0.078289    1.593616    0.397727    00:05                                         
385       0.076106    1.579299    0.420455    00:05                                         
386       0.076243    1.539631    0.409091    00:05                                         
387       0.071870    1.866227    0.431818    00:05                                         
388       0.068273    1.887503    0.386364    00:05                                         
389       0.070204    1.672269    0.420455    00:05                                         
390       0.067891    1.591694    0.340909    00:05                                         
391       0.073025    1.950981    0.352273    00:05                                         
392       0.074269    2.334221    0.420455    00:05                                         
393       0.073568    2.584696    0.443182    00:05                                         
394       0.070726    1.885488    0.397727    00:05                                         
395       0.068732    1.672057    0.409091    00:05                                         
396       0.064856    1.989293    0.431818    00:05                                         
397       0.067747    2.096453    0.443182    00:05                                         
398       0.068346    2.025807    0.443182    00:05                                         
399       0.069322    2.008672    0.420455    00:05                                         
400       0.069398    2.079524    0.397727    00:05                                         
401       0.066108    2.165973    0.465909    00:05                                         
402       0.069372    1.973657    0.352273    00:05                                         
403       0.071184    1.829456    0.397727    00:05                                         
404       0.074243    2.270191    0.431818    00:05                                         
405       0.075650    1.954493    0.477273    00:05                                         
406       0.077680    1.759010    0.465909    00:05                                         
407       0.077107    1.746063    0.420455    00:05                                         
408       0.073975    1.761072    0.375000    00:05                                         
409       0.077179    1.768595    0.375000    00:05                                         
410       0.075853    1.867674    0.443182    00:05                                         
411       0.076089    2.100528    0.500000    00:05                                         
412       0.074962    2.009157    0.454545    00:05                                         
413       0.073825    1.588900    0.329545    00:05                                         
414       0.074152    1.342499    0.340909    00:05                                         
415       0.072086    1.598489    0.409091    00:05                                         
416       0.075851    1.444918    0.409091    00:05                                         
417       0.076824    1.809174    0.454545    00:05                                         
418       0.076036    1.958798    0.409091    00:05                                         
419       0.077410    1.782238    0.488636    00:05                                         
420       0.073727    1.573504    0.420455    00:05                                         
421       0.072388    1.504202    0.375000    00:05                                         
422       0.070090    1.453936    0.397727    00:05                                         
423       0.067154    1.559630    0.420455    00:05                                         
424       0.064080    1.668751    0.443182    00:05                                         
425       0.062957    2.058725    0.420455    00:05                                         
426       0.062648    1.955725    0.386364    00:05                                         
427       0.059140    1.809716    0.409091    00:05                                         
428       0.056442    1.880166    0.443182    00:05                                         
429       0.054696    1.850689    0.386364    00:05                                         
430       0.053331    2.178707    0.420455    00:05                                         
431       0.053496    2.197455    0.454545    00:05                                         
432       0.053804    2.015229    0.454545    00:05                                         
433       0.055976    1.789931    0.431818    00:05                                         
434       0.056648    2.119175    0.454545    00:05                                         
435       0.057607    1.878313    0.386364    00:05                                         
436       0.057734    2.076374    0.431818    00:05                                         
437       0.056756    1.834806    0.375000    00:05                                         
438       0.054006    1.983351    0.409091    00:05                                         
439       0.052607    1.955938    0.420455    00:05                                         
440       0.054906    1.851331    0.431818    00:05                                         
441       0.052517    1.697108    0.420455    00:05                                         
442       0.050528    1.743502    0.420455    00:05                                         
443       0.054302    2.084938    0.477273    00:05                                         
444       0.058017    2.031975    0.465909    00:05                                         
445       0.059079    1.804314    0.420455    00:05                                         
446       0.059590    1.834768    0.420455    00:05                                         
447       0.063157    1.865096    0.409091    00:05                                         
448       0.061871    2.048748    0.431818    00:05                                         
449       0.060768    2.066093    0.420455    00:05                                         
450       0.058996    2.073777    0.431818    00:05                                         
451       0.057886    1.694399    0.420455    00:05                                         
452       0.057535    1.737629    0.465909    00:05                                         
453       0.056716    2.059707    0.488636    00:05                                         
454       0.059182    1.612818    0.454545    00:05                                         
455       0.059965    1.679089    0.409091    00:05                                         
456       0.058888    1.978198    0.454545    00:05                                         
457       0.063294    2.035339    0.420455    00:05                                         
458       0.062190    1.758628    0.397727    00:05                                         
459       0.061796    1.568125    0.397727    00:05                                         
460       0.059949    1.651941    0.431818    00:05                                         
461       0.058446    1.786693    0.409091    00:05                                         
462       0.056335    1.801187    0.409091    00:05                                         
463       0.053861    1.753184    0.386364    00:05                                         
464       0.052284    1.777454    0.363636    00:05                                         
465       0.053557    1.833996    0.375000    00:05                                         
466       0.050487    1.969784    0.397727    00:05                                         
467       0.052307    1.972656    0.386364    00:05                                         
468       0.050427    1.833184    0.386364    00:05                                         
469       0.051522    1.934037    0.431818    00:05                                         
470       0.048487    2.322448    0.465909    00:05                                         
471       0.046940    2.425085    0.488636    00:05                                         
472       0.044075    2.213002    0.431818    00:05                                         
473       0.047912    1.989335    0.431818    00:05                                         
474       0.049408    1.882600    0.375000    00:05                                         
475       0.047626    1.921849    0.397727    00:05                                         
476       0.048703    2.111490    0.431818    00:05                                         
477       0.048339    1.874316    0.409091    00:05                                         
478       0.047758    1.865017    0.386364    00:05                                         
479       0.047854    2.170841    0.420455    00:05                                         
480       0.048568    2.137860    0.420455    00:05                                         
481       0.047243    1.662680    0.386364    00:05                                         
482       0.049921    1.613861    0.397727    00:05                                         
483       0.048066    1.809728    0.431818    00:05                                         
484       0.050460    1.834389    0.420455    00:05                                         
485       0.047753    1.877516    0.431818    00:05                                         
486       0.048074    1.831413    0.386364    00:05                                         
487       0.047158    2.026486    0.409091    00:05                                         
488       0.047754    1.992857    0.386364    00:05                                         
489       0.047756    2.192920    0.397727    00:05                                         
490       0.047522    2.169892    0.431818    00:05                                         
491       0.044350    2.024428    0.443182    00:05                                         
492       0.041194    1.990441    0.420455    00:05                                         
493       0.039105    1.991352    0.409091    00:05                                         
494       0.039049    2.167166    0.397727    00:05                                         
495       0.037150    2.372285    0.454545    00:05                                         
496       0.036057    2.325414    0.409091    00:05                                         
497       0.034928    2.171379    0.397727    00:05                                         
498       0.037807    2.121808    0.409091    00:05                                         
499       0.038679    1.924790    0.375000    00:05                                         
500       0.042573    1.827418    0.397727    00:05                                         
501       0.044052    1.982522    0.465909    00:05                                         
502       0.045459    2.096588    0.443182    00:05                                         
503       0.046861    2.050275    0.420455    00:05                                         
504       0.043866    1.957135    0.409091    00:05                                         
505       0.045228    2.008691    0.409091    00:05                                         
506       0.044818    2.198056    0.465909    00:05                                         
507       0.044924    2.210823    0.409091    00:05                                         
508       0.042649    2.073293    0.397727    00:05                                         
509       0.040791    2.005003    0.397727    00:05                                         
510       0.038879    1.924041    0.420455    00:05                                         
511       0.037428    1.913125    0.420455    00:05                                         
512       0.035489    2.034663    0.363636    00:05                                         
513       0.033208    2.253764    0.409091    00:05                                         
514       0.033520    2.387249    0.386364    00:05                                         
515       0.032034    2.415452    0.431818    00:05                                         
516       0.031114    2.321397    0.420455    00:05                                         
517       0.034560    2.252223    0.375000    00:05                                         
518       0.034718    2.097093    0.363636    00:05                                         
519       0.034500    2.139599    0.318182    00:05                                         
520       0.036508    2.218794    0.409091    00:05                                         
521       0.041418    2.599314    0.443182    00:05                                         
522       0.044649    2.254772    0.420455    00:05                                         
523       0.046447    2.048688    0.431818    00:05                                         
524       0.046056    1.831438    0.397727    00:05                                         
525       0.047055    1.843753    0.431818    00:05                                         
526       0.045759    1.951708    0.431818    00:05                                         
527       0.043516    1.997989    0.477273    00:05                                         
528       0.042424    2.041564    0.431818    00:05                                         
529       0.039863    2.108254    0.454545    00:05                                         
530       0.038292    2.130087    0.420455    00:05                                         
531       0.039181    2.035575    0.431818    00:05                                         
532       0.036949    1.931766    0.397727    00:05                                         
533       0.035055    1.880425    0.397727    00:05                                         
534       0.034898    1.968668    0.443182    00:05                                         
535       0.033978    2.051992    0.488636    00:05                                         
536       0.033506    2.334586    0.500000    00:05                                         
537       0.035753    2.165495    0.454545    00:05                                         
538       0.033807    2.081766    0.375000    00:05                                         
539       0.032711    2.096697    0.386364    00:05                                         
540       0.030586    2.164007    0.375000    00:05                                         
541       0.029701    2.204996    0.397727    00:05                                         
542       0.029054    2.222447    0.386364    00:05                                         
543       0.029330    2.228333    0.409091    00:05                                         
544       0.028520    2.265291    0.454545    00:05                                         
545       0.028767    2.121196    0.420455    00:05                                         
546       0.027220    1.901299    0.386364    00:05                                         
547       0.027190    1.940255    0.409091    00:05                                         
548       0.026965    2.016258    0.375000    00:05                                         
549       0.027062    2.207919    0.386364    00:05                                         
550       0.027139    2.265324    0.386364    00:05                                         
551       0.026422    2.291942    0.397727    00:05                                         
552       0.025505    2.198537    0.386364    00:05                                         
553       0.025925    2.056553    0.363636    00:05                                         
554       0.025852    2.050910    0.352273    00:05                                         
555       0.026002    2.054751    0.375000    00:05                                         
556       0.027323    2.046483    0.352273    00:05                                         
557       0.028072    2.126194    0.375000    00:05                                         
558       0.028347    2.233036    0.363636    00:05                                         
559       0.027946    2.194453    0.375000    00:05                                         
560       0.026192    2.128116    0.363636    00:05                                         
561       0.025119    2.239921    0.431818    00:05                                         
562       0.027101    2.354411    0.386364    00:05                                         
563       0.027323    2.409792    0.420455    00:05                                         
564       0.027182    2.362823    0.409091    00:05                                         
565       0.029634    2.343925    0.409091    00:05                                         
566       0.031850    2.239263    0.409091    00:05                                         
567       0.037977    2.100906    0.386364    00:05                                         
568       0.038433    2.073950    0.386364    00:05                                         
569       0.035622    2.003740    0.386364    00:05                                         
570       0.037037    2.134857    0.352273    00:05                                         
571       0.040523    2.039265    0.340909    00:05                                         
572       0.040278    1.945842    0.318182    00:05                                         
573       0.037855    1.860524    0.352273    00:05                                         
574       0.036327    1.847559    0.375000    00:05                                         
575       0.035806    1.775861    0.375000    00:05                                         
576       0.033561    1.977270    0.363636    00:05                                         
577       0.034951    1.900671    0.352273    00:05                                         
578       0.036745    1.988544    0.386364    00:05                                         
579       0.041571    2.175942    0.386364    00:05                                         
580       0.038541    2.284952    0.397727    00:05                                         
581       0.038119    2.340295    0.420455    00:05                                         
582       0.038910    2.157310    0.420455    00:05                                         
583       0.036837    2.130241    0.397727    00:05                                         
584       0.037878    2.022786    0.397727    00:05                                         
585       0.035713    1.925053    0.375000    00:05                                         
586       0.034915    1.803729    0.397727    00:05                                         
587       0.038649    1.739205    0.375000    00:05                                         
588       0.040552    1.926233    0.397727    00:05                                         
589       0.039800    2.211881    0.409091    00:05                                         
590       0.038282    2.210342    0.431818    00:05                                         
591       0.039586    2.029349    0.443182    00:05                                         
592       0.036784    2.036138    0.386364    00:05                                         
593       0.036527    1.966196    0.409091    00:05                                         
594       0.036521    1.935893    0.397727    00:05                                         
595       0.035778    1.898602    0.375000    00:05                                         
596       0.034023    1.781421    0.375000    00:05                                         
597       0.032012    1.708835    0.409091    00:05                                         
598       0.031055    1.678553    0.386364    00:05                                         
599       0.030493    1.655956    0.375000    00:05                                         
600       0.028423    1.613842    0.363636    00:05                                         
601       0.028606    1.599722    0.386364    00:05                                         
602       0.029939    1.762040    0.363636    00:05                                         
603       0.029196    1.994028    0.375000    00:05                                         
604       0.027747    2.039454    0.386364    00:05                                         
605       0.027191    2.126610    0.409091    00:05                                         
606       0.025688    2.107889    0.409091    00:05                                         
607       0.025395    2.107410    0.363636    00:05                                         
608       0.023557    2.255261    0.397727    00:05                                         
609       0.024897    2.315180    0.431818    00:05                                         
610       0.023531    2.201927    0.409091    00:05                                         
611       0.022839    2.174692    0.397727    00:05                                         
612       0.022497    2.150018    0.431818    00:05                                         
613       0.020580    2.128062    0.420455    00:05                                         
614       0.020063    2.132129    0.443182    00:05                                         
615       0.018617    2.271711    0.454545    00:05                                         
616       0.019621    2.342390    0.454545    00:05                                         
617       0.018212    2.211581    0.454545    00:05                                         
618       0.019722    2.201156    0.443182    00:05                                         
619       0.019332    2.065849    0.431818    00:05                                         
620       0.024957    2.015248    0.431818    00:05                                         
621       0.023154    2.001512    0.454545    00:05                                         
622       0.022811    2.038929    0.465909    00:05                                         
623       0.021684    1.913207    0.465909    00:05                                         
624       0.021201    1.851172    0.454545    00:05                                         
625       0.019759    1.820533    0.454545    00:05                                         
626       0.019603    1.836465    0.443182    00:05                                         
627       0.019144    1.916110    0.454545    00:05                                         
628       0.017611    2.001203    0.431818    00:05                                         
629       0.019854    2.039882    0.443182    00:05                                         
630       0.021610    1.970755    0.431818    00:05                                         
631       0.021952    1.879526    0.409091    00:05                                         
632       0.022237    1.813734    0.431818    00:05                                         
633       0.020394    1.777529    0.386364    00:05                                         
634       0.019610    1.807135    0.386364    00:05                                         
635       0.020640    1.882587    0.431818    00:05                                         
636       0.020878    1.895851    0.454545    00:05                                         
637       0.019487    1.915452    0.420455    00:05                                         
638       0.020699    1.999289    0.397727    00:05                                         
639       0.019496    2.095028    0.397727    00:05                                         
640       0.020855    2.142919    0.386364    00:05                                         
641       0.022068    2.090169    0.375000    00:05                                         
642       0.021863    2.050296    0.363636    00:05                                         
643       0.021294    1.987075    0.375000    00:05                                         
644       0.020449    1.996695    0.386364    00:05                                         
645       0.019303    2.023417    0.386364    00:05                                         
646       0.018182    2.050316    0.397727    00:05                                         
647       0.017465    1.926405    0.352273    00:05                                         
648       0.017717    1.914114    0.363636    00:05                                         
649       0.018214    1.951760    0.363636    00:05                                         
650       0.020581    1.882631    0.375000    00:05                                         
651       0.018742    1.960122    0.363636    00:05                                         
652       0.017587    2.055558    0.386364    00:05                                         
653       0.016527    2.116292    0.375000    00:05                                         
654       0.015914    2.145606    0.397727    00:05                                         
655       0.016992    2.098627    0.420455    00:05                                         
656       0.016873    2.085742    0.409091    00:05                                         
657       0.016377    2.117235    0.409091    00:05                                         
658       0.015420    2.197845    0.386364    00:05                                         
659       0.014763    2.158097    0.409091    00:05                                         
660       0.014659    2.140013    0.420455    00:05                                         
661       0.014905    2.137636    0.420455    00:05                                         
662       0.014934    2.089330    0.397727    00:05                                         
663       0.016994    2.100591    0.386364    00:05                                         
664       0.017437    2.167736    0.375000    00:05                                         
665       0.016001    2.220465    0.397727    00:05                                         
666       0.017253    2.197769    0.375000    00:05                                         
667       0.018168    2.177909    0.363636    00:05                                         
668       0.017001    2.159630    0.363636    00:05                                         
669       0.016488    2.227518    0.375000    00:05                                         
670       0.015106    2.252257    0.386364    00:05                                         
671       0.016814    2.256171    0.375000    00:05                                         
672       0.017047    2.284199    0.431818    00:05                                         
673       0.016938    2.343740    0.409091    00:05                                         
674       0.015777    2.358552    0.386364    00:05                                         
675       0.018043    2.337648    0.409091    00:05                                         
676       0.016870    2.239065    0.431818    00:05                                         
677       0.015693    2.185474    0.409091    00:05                                         
678       0.014641    2.239554    0.397727    00:05                                         
679       0.014227    2.256400    0.397727    00:05                                         
680       0.013401    2.237128    0.375000    00:05                                         
681       0.012534    2.240374    0.375000    00:05                                         
682       0.013173    2.221607    0.397727    00:05                                         
683       0.012202    2.252502    0.409091    00:05                                         
684       0.012190    2.262955    0.397727    00:05                                         
685       0.012997    2.246282    0.375000    00:05                                         
686       0.013122    2.386162    0.420455    00:05                                         
687       0.012241    2.565417    0.420455    00:05                                         
688       0.016686    2.455338    0.397727    00:05                                         
689       0.016138    2.204024    0.409091    00:05                                         
690       0.014778    2.112660    0.409091    00:05                                         
691       0.013535    2.079732    0.397727    00:05                                         
692       0.012977    2.062742    0.397727    00:05                                         
693       0.012069    2.058275    0.420455    00:05                                         
694       0.012222    2.044553    0.431818    00:05                                         
695       0.011414    1.977231    0.409091    00:05                                         
696       0.010532    1.966062    0.397727    00:05                                         
697       0.015259    1.982024    0.420455    00:05                                         
698       0.015893    1.946745    0.397727    00:05                                         
699       0.017734    1.918282    0.397727    00:05                                         
700       0.016303    1.878881    0.409091    00:05                                         
701       0.015186    1.898172    0.386364    00:05                                         
702       0.015824    1.825007    0.386364    00:05                                         
703       0.016195    1.799856    0.409091    00:05                                         
704       0.015413    1.874339    0.409091    00:05                                         
705       0.014377    1.903835    0.409091    00:05                                         
706       0.014114    1.953497    0.397727    00:05                                         
707       0.013717    1.906233    0.397727    00:05                                         
708       0.013674    1.858015    0.375000    00:05                                         
709       0.012539    1.835166    0.386364    00:05                                         
710       0.011859    1.811151    0.386364    00:05                                         
711       0.011328    1.810850    0.397727    00:05                                         
712       0.017161    1.858961    0.386364    00:05                                         
713       0.017625    2.070166    0.363636    00:05                                         
714       0.016720    2.175941    0.397727    00:05                                         
715       0.015891    2.144401    0.397727    00:05                                         
716       0.015903    2.055956    0.375000    00:05                                         
717       0.015119    1.956482    0.363636    00:05                                         
718       0.014462    1.915296    0.352273    00:05                                         
719       0.014229    1.930966    0.340909    00:05                                         
720       0.014544    2.012180    0.352273    00:05                                         
721       0.016537    2.026821    0.375000    00:05                                         
722       0.015696    1.988796    0.386364    00:05                                         
723       0.015823    2.051654    0.397727    00:05                                         
724       0.015183    2.097764    0.397727    00:05                                         
725       0.015570    2.066680    0.386364    00:05                                         
726       0.014764    2.093140    0.375000    00:05                                         
727       0.013677    2.119829    0.375000    00:05                                         
728       0.013490    2.176228    0.375000    00:05                                         
729       0.012485    2.218811    0.397727    00:05                                         
730       0.011837    2.179398    0.397727    00:05                                         
731       0.011984    2.153694    0.397727    00:05                                         
732       0.012472    2.151545    0.386364    00:05                                         
733       0.012052    2.152072    0.375000    00:05                                         
734       0.012067    2.134069    0.363636    00:05                                         
735       0.012220    2.124872    0.375000    00:05                                         
736       0.011756    2.119325    0.386364    00:05                                         
737       0.010884    2.118426    0.409091    00:05                                         
738       0.010071    2.107188    0.409091    00:05                                         
739       0.009236    2.073112    0.397727    00:05                                         
740       0.008563    2.068875    0.386364    00:05                                         
741       0.007799    2.082851    0.409091    00:05                                         
742       0.007423    2.091987    0.409091    00:05                                         
743       0.007511    2.070350    0.409091    00:05                                         
744       0.007094    2.117108    0.409091    00:05                                         
745       0.007607    2.124465    0.397727    00:05                                         
746       0.007004    2.150929    0.386364    00:05                                         
747       0.006724    2.163371    0.386364    00:05                                         
748       0.006286    2.189804    0.386364    00:05                                         
749       0.007484    2.153796    0.386364    00:05                                         
750       0.010036    2.143112    0.386364    00:05                                         
751       0.010184    2.137431    0.363636    00:05                                         
752       0.009635    2.188548    0.375000    00:05                                         
753       0.010277    2.258978    0.397727    00:05                                         
754       0.010957    2.279445    0.397727    00:05                                         
755       0.010799    2.223167    0.397727    00:05                                         
756       0.010351    2.202610    0.386364    00:05                                         
757       0.010611    2.244695    0.375000    00:05                                         
758       0.013767    2.232758    0.375000    00:05                                         
759       0.013834    2.224112    0.386364    00:05                                         
760       0.012546    2.213286    0.386364    00:05                                         
761       0.012377    2.207604    0.386364    00:05                                         
762       0.011633    2.292465    0.409091    00:05                                         
763       0.012254    2.290795    0.386364    00:05                                         
764       0.011154    2.304035    0.397727    00:05                                         
765       0.010332    2.306938    0.397727    00:05                                         
766       0.009804    2.294876    0.409091    00:05                                         
767       0.009069    2.252966    0.409091    00:05                                         
768       0.008522    2.240024    0.409091    00:05                                         
769       0.008172    2.224784    0.409091    00:05                                         
770       0.008001    2.151433    0.409091    00:05                                         
771       0.007308    2.106111    0.386364    00:05                                         
772       0.006756    2.099611    0.386364    00:05                                         
773       0.006272    2.074919    0.397727    00:05                                         
774       0.005878    2.069045    0.397727    00:05                                         
775       0.005752    2.110898    0.409091    00:05                                         
776       0.005829    2.152359    0.420455    00:05                                         
777       0.005435    2.200709    0.409091    00:05                                         
778       0.005017    2.206663    0.420455    00:05                                         
779       0.004975    2.258432    0.420455    00:05                                         
780       0.004609    2.276930    0.409091    00:05                                         
781       0.004192    2.279427    0.409091    00:05                                         
782       0.003887    2.315274    0.397727    00:05                                         
783       0.004118    2.292123    0.409091    00:05                                         
784       0.004315    2.244947    0.386364    00:05                                         
785       0.004250    2.191423    0.375000    00:05                                         
786       0.005547    2.136287    0.386364    00:05                                         
787       0.005617    2.069814    0.397727    00:05                                         
788       0.007664    2.065159    0.386364    00:05                                         
789       0.006991    2.090011    0.386364    00:05                                         
790       0.009420    2.096989    0.386364    00:05                                         
791       0.008715    2.107728    0.420455    00:05                                         
792       0.008461    2.171839    0.420455    00:05                                         
793       0.008127    2.191231    0.420455    00:05                                         
794       0.007741    2.216928    0.409091    00:05                                         
795       0.007100    2.231972    0.409091    00:05                                         
796       0.006692    2.233292    0.420455    00:05                                         
797       0.006551    2.255022    0.420455    00:05                                         
798       0.006361    2.365816    0.431818    00:05                                         
799       0.006272    2.374264    0.431818    00:05                                         
800       0.005792    2.442245    0.443182    00:05                                         
801       0.005629    2.475141    0.443182    00:05                                         
802       0.005275    2.415812    0.443182    00:05                                         
803       0.004822    2.405342    0.409091    00:05                                         
804       0.004614    2.428643    0.420455    00:05                                         
805       0.004235    2.430651    0.409091    00:05                                         
806       0.003935    2.458178    0.431818    00:05                                         
807       0.004683    2.455113    0.420455    00:05                                         
808       0.004294    2.397149    0.397727    00:05                                         
809       0.003971    2.379551    0.397727    00:05                                         
810       0.003771    2.365636    0.386364    00:05                                         
811       0.003756    2.351337    0.386364    00:05                                         
812       0.003449    2.355060    0.386364    00:05                                         
813       0.003925    2.346275    0.386364    00:05                                         
814       0.003609    2.334660    0.386364    00:05                                         
815       0.003477    2.288179    0.375000    00:05                                         
816       0.003506    2.313569    0.386364    00:05                                         
817       0.003416    2.252346    0.386364    00:05                                         
818       0.005517    2.248364    0.375000    00:05                                         
819       0.005103    2.243861    0.375000    00:05                                         
820       0.004746    2.217909    0.375000    00:05                                         
821       0.004455    2.226385    0.397727    00:05                                         
822       0.004080    2.216665    0.397727    00:05                                         
823       0.003873    2.240098    0.397727    00:05                                         
824       0.003978    2.233424    0.397727    00:05                                         
825       0.004422    2.256298    0.386364    00:05                                         
826       0.004361    2.269712    0.386364    00:05                                         
827       0.004010    2.264206    0.386364    00:05                                         
828       0.003770    2.296428    0.409091    00:05                                         
829       0.003594    2.316650    0.409091    00:05                                         
830       0.003346    2.306788    0.431818    00:05                                         
831       0.003605    2.271792    0.409091    00:05                                         
832       0.003317    2.260618    0.397727    00:05                                         
833       0.003212    2.240852    0.397727    00:05                                         
834       0.003232    2.227455    0.397727    00:05                                         
835       0.003210    2.220672    0.363636    00:05                                         
836       0.003000    2.206768    0.375000    00:05                                         
837       0.002741    2.222216    0.409091    00:05                                         
838       0.002503    2.241851    0.386364    00:05                                         
839       0.002368    2.248965    0.409091    00:05                                         
840       0.002150    2.255825    0.397727    00:05                                         
841       0.002930    2.249910    0.409091    00:05                                         
842       0.002662    2.246135    0.409091    00:05                                         
843       0.002688    2.246370    0.397727    00:05                                         
844       0.002443    2.250362    0.397727    00:05                                         
845       0.002270    2.242597    0.386364    00:05                                         
846       0.002078    2.236594    0.386364    00:05                                         
847       0.001903    2.251951    0.397727    00:05                                         
848       0.002467    2.253800    0.386364    00:05                                         
849       0.002325    2.273904    0.386364    00:05                                         
850       0.002118    2.236438    0.397727    00:05                                         
851       0.001926    2.226055    0.386364    00:05                                         
852       0.001769    2.256845    0.386364    00:05                                         
853       0.001617    2.247468    0.386364    00:05                                         
854       0.001484    2.240964    0.397727    00:05                                         
855       0.001374    2.249529    0.397727    00:05                                         
856       0.001364    2.259749    0.386364    00:05                                         
857       0.001528    2.254808    0.386364    00:05                                         
858       0.001400    2.260772    0.397727    00:05                                         
859       0.001381    2.268527    0.397727    00:05                                         
860       0.001294    2.315558    0.397727    00:05                                         
861       0.001226    2.297643    0.397727    00:05                                         
862       0.001228    2.295130    0.397727    00:05                                         
863       0.001165    2.278025    0.409091    00:05                                         
864       0.001087    2.256268    0.386364    00:05                                         
865       0.001059    2.277984    0.386364    00:05                                         
866       0.000969    2.302047    0.386364    00:05                                         
867       0.001277    2.258068    0.386364    00:05                                         
868       0.001342    2.278009    0.386364    00:05                                         
869       0.001576    2.307564    0.386364    00:05                                         
870       0.001553    2.333790    0.386364    00:05                                         
871       0.001420    2.318721    0.386364    00:05                                         
872       0.001395    2.315450    0.386364    00:05                                         
873       0.001282    2.317264    0.386364    00:05                                         
874       0.001175    2.330393    0.397727    00:05                                         
875       0.002000    2.304204    0.375000    00:05                                         
876       0.001889    2.301890    0.375000    00:05                                         
877       0.002189    2.289794    0.386364    00:05                                         
878       0.002613    2.289742    0.375000    00:05                                         
879       0.002466    2.256916    0.386364    00:05                                         
880       0.002466    2.253427    0.386364    00:05                                         
881       0.003816    2.244005    0.386364    00:05                                         
882       0.003767    2.226213    0.375000    00:05                                         
883       0.003433    2.223565    0.375000    00:05                                         
884       0.003232    2.221136    0.363636    00:05                                         
885       0.002962    2.201991    0.386364    00:05                                         
886       0.002690    2.211649    0.363636    00:05                                         
887       0.002610    2.223755    0.375000    00:05                                         
888       0.002370    2.221882    0.363636    00:05                                         
889       0.002190    2.233858    0.375000    00:05                                         
890       0.002001    2.223452    0.375000    00:05                                         
891       0.001822    2.214242    0.375000    00:05                                         
892       0.001960    2.226964    0.375000    00:05                                         
893       0.004059    2.249261    0.375000    00:05                                         
894       0.003679    2.251549    0.363636    00:05                                         
895       0.003403    2.228009    0.363636    00:05                                         
896       0.003105    2.252071    0.363636    00:05                                         
897       0.002856    2.233922    0.375000    00:05                                         
898       0.002661    2.241840    0.363636    00:05                                         
899       0.002463    2.222139    0.363636    00:05                                         
900       0.002249    2.256778    0.352273    00:05                                         
901       0.002513    2.294974    0.363636    00:05                                         
902       0.002304    2.278941    0.363636    00:05                                         
903       0.002194    2.295479    0.363636    00:05                                         
904       0.002092    2.291790    0.375000    00:05                                         
905       0.001914    2.286736    0.375000    00:05                                         
906       0.001737    2.315458    0.375000    00:05                                         
907       0.001747    2.313426    0.363636    00:05                                         
908       0.001651    2.295611    0.363636    00:05                                         
909       0.001613    2.298504    0.352273    00:05                                         
910       0.001619    2.296321    0.375000    00:05                                         
911       0.001491    2.296476    0.375000    00:05                                         
912       0.001371    2.335768    0.397727    00:05                                         
913       0.001277    2.327049    0.363636    00:05                                         
914       0.001171    2.347437    0.397727    00:05                                         
915       0.001121    2.341424    0.386364    00:05                                         
916       0.001083    2.335169    0.375000    00:05                                         
917       0.001080    2.346098    0.363636    00:05                                         
918       0.001153    2.345875    0.375000    00:05                                         
919       0.001073    2.353916    0.386364    00:05                                         
920       0.001169    2.342858    0.375000    00:05                                         
921       0.001133    2.336037    0.363636    00:05                                         
922       0.001068    2.362386    0.375000    00:05                                         
923       0.000983    2.363954    0.386364    00:05                                         
924       0.001432    2.383915    0.386364    00:05                                         
925       0.001379    2.378710    0.375000    00:05                                         
926       0.001385    2.389102    0.375000    00:05                                         
927       0.001393    2.371554    0.375000    00:05                                         
928       0.001272    2.372550    0.375000    00:05                                         
929       0.001596    2.378208    0.386364    00:05                                         
930       0.001461    2.403234    0.386364    00:05                                         
931       0.001335    2.400348    0.386364    00:05                                         
932       0.001237    2.406849    0.386364    00:05                                         
933       0.001128    2.401766    0.375000    00:05                                         
934       0.001225    2.404114    0.375000    00:05                                         
935       0.001133    2.363303    0.375000    00:05                                         
936       0.001060    2.385678    0.386364    00:05                                         
937       0.000972    2.398254    0.397727    00:05                                         
938       0.000889    2.399626    0.386364    00:05                                         
939       0.000874    2.391772    0.397727    00:05                                         
940       0.000817    2.361206    0.397727    00:05                                         
941       0.001605    2.369217    0.386364    00:05                                         
942       0.001501    2.408170    0.397727    00:05                                         
943       0.001528    2.378980    0.375000    00:05                                         
944       0.001413    2.390730    0.386364    00:05                                         
945       0.001354    2.390403    0.386364    00:05                                         
946       0.003105    2.408813    0.397727    00:05                                         
947       0.002848    2.422762    0.375000    00:05                                         
948       0.002586    2.418576    0.375000    00:05                                         
949       0.002368    2.436233    0.375000    00:05                                         
950       0.003093    2.430550    0.363636    00:05                                         
951       0.002858    2.447447    0.375000    00:05                                         
952       0.003260    2.462652    0.375000    00:05                                         
953       0.002965    2.434682    0.375000    00:05                                         
954       0.002943    2.439851    0.375000    00:05                                         
955       0.002750    2.448865    0.375000    00:05                                         
956       0.002494    2.417131    0.363636    00:05                                         
957       0.002504    2.406231    0.363636    00:05                                         
958       0.002311    2.381376    0.363636    00:05                                         
959       0.002169    2.396393    0.363636    00:05                                         
960       0.002000    2.436649    0.386364    00:05                                         
961       0.001897    2.401368    0.375000    00:05                                         
962       0.002670    2.432834    0.386364    00:05                                         
963       0.002579    2.415964    0.375000    00:05                                         
964       0.002438    2.426494    0.375000    00:05                                         
965       0.002219    2.421500    0.375000    00:05                                         
966       0.002017    2.418311    0.363636    00:05                                         
967       0.001872    2.427279    0.375000    00:05                                         
968       0.001706    2.451234    0.375000    00:05                                         
969       0.001568    2.466861    0.375000    00:05                                         
970       0.001464    2.438327    0.363636    00:05                                         
971       0.001340    2.443011    0.375000    00:05                                         
972       0.001222    2.419416    0.375000    00:05                                         
973       0.001112    2.397261    0.375000    00:05                                         
974       0.002049    2.397206    0.375000    00:05                                         
975       0.002015    2.404225    0.375000    00:05                                         
976       0.001902    2.386373    0.375000    00:05                                         
977       0.001727    2.375387    0.375000    00:05                                         
978       0.001623    2.394490    0.363636    00:05                                         
979       0.002005    2.394348    0.363636    00:05                                         
980       0.001821    2.391728    0.375000    00:05                                         
981       0.001692    2.406465    0.375000    00:05                                         
982       0.001705    2.380771    0.363636    00:05                                         
983       0.001548    2.368297    0.363636    00:05                                         
984       0.001457    2.384991    0.375000    00:05                                         
985       0.001533    2.402845    0.363636    00:05                                         
986       0.001399    2.382136    0.375000    00:05                                         
987       0.001405    2.389094    0.363636    00:05                                         
988       0.001322    2.409952    0.375000    00:05                                         
989       0.001211    2.419681    0.375000    00:05                                         
990       0.001190    2.454480    0.375000    00:05                                         
991       0.001083    2.468337    0.375000    00:05                                         
992       0.001127    2.467579    0.363636    00:05                                         
993       0.001595    2.462184    0.386364    00:05                                         
994       0.001511    2.430207    0.386364    00:05                                         
995       0.001382    2.456942    0.375000    00:05                                         
996       0.001261    2.441865    0.375000    00:05                                         
997       0.001147    2.417248    0.375000    00:05                                         
998       0.001338    2.437817    0.363636    00:05                                         
999       0.001218    2.420081    0.363636    00:05